100_particles
1.25e+13 1.25e+13 1.25e+13
315360000
1800
86400
100
P1 1.40222e+30 4.64064e+07 -7.02602e+11 4.47162e+11 0 0 0 0
P2 4.42264e+29 5.34403e+07 -1.23075e+12 -1.08289e+12 0 0 0 0
P3 5.31659e+30 6.5738e+07 5.02976e+11 6.55495e+11 0 0 0 0
P4 7.58846e+30 3.71685e+07 1.20638e+12 6.3339e+11 0 0 0 0
P5 4.42047e+30 4.82954e+07 -5.62733e+11 -8.33732e+11 0 0 0 0
P6 5.09478e+30 3.25843e+07 -1.50583e+10 -1.02317e+12 0 0 0 0
P7 9.14679e+30 4.69801e+07 -1.12479e+12 6.75511e+11 0 0 0 0
P8 6.33248e+30 7.28158e+07 9.71431e+11 -4.84195e+11 0 0 0 0
P9 8.43096e+30 4.21241e+07 -8.02066e+10 -8.04181e+11 0 0 0 0
P10 5.03495e+30 7.5081e+07 9.76844e+11 8.55099e+11 0 0 0 0
P11 2.81842e+30 4.2015e+07 5.24549e+11 -6.50223e+11 0 0 0 0
P12 6.84533e+30 3.93848e+07 -8.81167e+11 8.63939e+11 0 0 0 0
P13 4.14679e+30 5.6925e+07 -2.87136e+10 1.15274e+12 0 0 0 0
P14 6.54741e+30 8.05042e+07 -5.89205e+10 -7.41874e+11 0 0 0 0
P15 4.1621e+30 8.86792e+07 -8.44504e+11 -3.36652e+11 0 0 0 0
P16 4.57777e+30 9.32358e+07 -7.11879e+11 1.0223e+12 0 0 0 0
P17 8.19386e+30 4.67623e+07 3.31847e+11 8.11743e+11 0 0 0 0
P18 2.96423e+30 5.1929e+07 -2.14929e+11 9.41414e+11 0 0 0 0
P19 7.0947e+30 2.89015e+06 6.24685e+10 -1.08702e+12 0 0 0 0
P20 9.17468e+30 8.91118e+07 -9.02013e+11 1.22341e+12 0 0 0 0
P21 4.45328e+30 8.08583e+07 -7.21203e+11 -8.65989e+11 0 0 0 0
P22 7.30062e+30 4.23546e+07 4.51405e+11 8.4105e+11 0 0 0 0
P23 6.33276e+30 2.21411e+07 -2.77942e+11 1.11886e+12 0 0 0 0
P24 7.86027e+30 2.89334e+07 -1.22171e+12 1.20809e+12 0 0 0 0
P25 1.85112e+30 1.66154e+07 -6.07078e+11 -9.95907e+11 0 0 0 0
P26 7.55411e+30 6.37096e+07 2.45542e+11 -4.53055e+11 0 0 0 0
P27 5.92109e+30 7.0596e+07 -8.45781e+11 9.00564e+11 0 0 0 0
P28 5.33263e+30 5.92238e+07 -1.72881e+11 -3.24434e+11 0 0 0 0
P29 8.74806e+29 2.61383e+07 4.40592e+11 5.71521e+11 0 0 0 0
P30 4.6583e+30 6.64742e+07 2.64099e+11 -8.74015e+11 0 0 0 0
P31 2.48011e+29 6.46549e+07 1.04462e+12 1.17522e+12 0 0 0 0
P32 3.18629e+29 7.0988e+07 -1.58404e+11 6.29275e+11 0 0 0 0
P33 1.42114e+29 8.91177e+06 1.00825e+12 6.16698e+11 0 0 0 0
P34 5.48582e+30 2.23668e+07 3.17153e+11 5.233e+11 0 0 0 0
P35 3.17067e+30 1.12759e+07 6.89701e+11 -1.1118e+12 0 0 0 0
P36 4.83026e+30 5.24789e+07 -8.74221e+11 8.34205e+11 0 0 0 0
P37 9.87014e+30 1.16408e+06 -1.17661e+12 -2.58707e+10 0 0 0 0
P38 1.31282e+30 1.96393e+07 2.85314e+11 -9.35168e+11 0 0 0 0
P39 2.66424e+30 4.30093e+07 9.94786e+11 6.51543e+11 0 0 0 0
P40 2.17467e+30 5.51505e+07 -8.10064e+11 -1.70229e+11 0 0 0 0
P41 9.73613e+30 8.95496e+06 6.73593e+11 -6.24612e+11 0 0 0 0
P42 6.84849e+30 4.60039e+06 -6.95832e+11 3.81555e+11 0 0 0 0
P43 1.74268e+30 1.6816e+07 4.04984e+11 1.12289e+12 0 0 0 0
P44 7.24653e+30 6.31574e+06 4.79372e+10 -1.08661e+12 0 0 0 0
P45 7.45841e+30 1.79666e+07 1.09931e+12 -6.12606e+11 0 0 0 0
P46 1.14133e+30 3.74877e+07 -4.31931e+11 1.9194e+11 0 0 0 0
P47 9.35889e+30 3.68463e+07 -1.12319e+11 -6.48899e+11 0 0 0 0
P48 2.24222e+30 5.32165e+07 9.09107e+11 5.28911e+11 0 0 0 0
P49 7.97399e+30 1.31965e+06 4.11722e+11 -7.82938e+11 0 0 0 0
P50 6.09941e+30 3.54017e+07 2.41456e+10 8.35846e+11 0 0 0 0
P51 5.10062e+29 7.69394e+07 4.8258e+10 -6.98711e+11 0 0 0 0
P52 2.69161e+30 3.84583e+07 -6.68481e+11 -7.62538e+10 0 0 0 0
P53 4.13224e+29 5.95672e+07 -4.26053e+11 9.13207e+10 0 0 0 0
P54 8.68839e+30 1.56907e+07 3.48808e+11 1.07979e+12 0 0 0 0
P55 9.45798e+30 1.6386e+07 -3.90967e+11 -1.00865e+12 0 0 0 0
P56 6.77779e+30 7.01476e+07 -7.70041e+11 -3.85321e+11 0 0 0 0
P57 5.90156e+30 3.60763e+06 6.5586e+11 -1.05669e+12 0 0 0 0
P58 8.32943e+30 6.05621e+07 4.83416e+10 -8.46451e+11 0 0 0 0
P59 6.70379e+30 5.53249e+07 4.19914e+11 1.78957e+11 0 0 0 0
P60 4.134e+29 5.26843e+07 -1.16235e+12 -9.82049e+11 0 0 0 0
P61 7.7431e+30 4.91814e+07 4.92489e+11 -3.28762e+10 0 0 0 0
P62 2.87303e+30 5.35185e+07 -6.61493e+11 2.43691e+11 0 0 0 0
P63 2.37967e+30 9.00526e+07 3.78786e+11 1.08984e+12 0 0 0 0
P64 1.3172e+30 7.05447e+07 -9.80653e+11 -1.00034e+12 0 0 0 0
P65 3.37451e+30 5.77451e+07 -7.43795e+11 1.18587e+12 0 0 0 0
P66 1.67984e+30 1.57759e+07 -2.98479e+11 -1.89666e+11 0 0 0 0
P67 8.9868e+30 9.02206e+07 -8.23009e+11 -1.17149e+12 0 0 0 0
P68 5.90993e+30 8.13776e+07 1.09968e+12 1.99656e+11 0 0 0 0
P69 7.2173e+30 8.21404e+06 9.4765e+11 -1.02537e+12 0 0 0 0
P70 8.14916e+30 7.71666e+07 9.9131e+11 -3.38232e+10 0 0 0 0
P71 8.60535e+29 4.82864e+07 -6.54952e+11 1.1897e+12 0 0 0 0
P72 7.96335e+30 8.27758e+06 -4.03179e+10 -8.56673e+08 0 0 0 0
P73 8.95188e+29 4.14096e+07 1.1579e+12 -7.548e+11 0 0 0 0
P74 5.89818e+30 3.74521e+07 2.50332e+11 -8.78031e+11 0 0 0 0
P75 8.21332e+30 3.80507e+07 -5.05535e+10 3.66238e+11 0 0 0 0
P76 3.40964e+30 1.53448e+07 4.17141e+11 -4.63253e+11 0 0 0 0
P77 5.21366e+30 2.71492e+07 8.3412e+11 3.36549e+11 0 0 0 0
P78 6.69313e+30 7.96932e+07 -5.28364e+11 -4.48472e+11 0 0 0 0
P79 3.79626e+30 8.31118e+06 1.65457e+11 -1.93619e+11 0 0 0 0
P80 5.93525e+30 4.68428e+07 1.11113e+12 -1.1238e+12 0 0 0 0
P81 1.13534e+30 8.35044e+07 3.96484e+11 -1.20271e+12 0 0 0 0
P82 7.22597e+30 8.38711e+07 3.99719e+11 3.57567e+11 0 0 0 0
P83 4.47947e+30 2.83901e+07 -9.56905e+11 8.40939e+11 0 0 0 0
P84 9.30591e+30 2.50796e+07 2.41808e+11 -6.32566e+11 0 0 0 0
P85 6.2701e+30 6.74932e+07 9.2821e+11 -9.60984e+11 0 0 0 0
P86 4.19467e+29 8.56532e+07 4.03563e+11 -1.1001e+12 0 0 0 0
P87 8.98272e+30 5.98218e+07 4.77329e+11 1.7335e+11 0 0 0 0
P88 2.79718e+30 2.51857e+07 -5.76208e+10 1.15359e+12 0 0 0 0
P89 9.60454e+30 5.77666e+07 -9.27393e+11 4.63436e+09 0 0 0 0
P90 6.72215e+30 3.9284e+07 8.27742e+11 -9.41389e+11 0 0 0 0
P91 1.14507e+30 3.67358e+07 5.48011e+11 2.02423e+11 0 0 0 0
P92 6.74638e+30 8.87645e+07 -3.9538e+11 4.99098e+11 0 0 0 0
P93 1.78261e+30 8.24519e+06 6.25427e+11 -8.38501e+11 0 0 0 0
P94 9.30028e+30 2.73624e+07 7.31951e+11 -7.15211e+11 0 0 0 0
P95 6.20397e+30 3.62771e+07 -7.55249e+11 7.27851e+11 0 0 0 0
P96 6.58082e+30 3.88589e+07 -4.21771e+11 1.03592e+12 0 0 0 0
P97 1.38313e+30 9.42649e+07 -3.69849e+11 1.79728e+11 0 0 0 0
P98 4.41022e+30 3.55665e+07 1.0478e+12 6.1145e+11 0 0 0 0
P99 3.21461e+30 1.34663e+07 -9.16767e+11 -9.34923e+11 0 0 0 0
P100 2.42329e+30 6.87107e+07 8.85591e+11 -9.49558e+11 0 0 0 0
