25_particles
1.25e+13 1.25e+13 1.25e+13
315360000
100
86400
25
P1 1.40222e+30 4.64064e+07 -7.02602e+11 4.47162e+11 0 0 0 0
P2 4.42264e+29 5.34403e+07 -1.23075e+12 -1.08289e+12 0 0 0 0
P3 5.31659e+30 6.5738e+07 5.02976e+11 6.55495e+11 0 0 0 0
P4 7.58846e+30 3.71685e+07 1.20638e+12 6.3339e+11 0 0 0 0
P5 4.42047e+30 4.82954e+07 -5.62733e+11 -8.33732e+11 0 0 0 0
P6 5.09478e+30 3.25843e+07 -1.50583e+10 -1.02317e+12 0 0 0 0
P7 9.14679e+30 4.69801e+07 -1.12479e+12 6.75511e+11 0 0 0 0
P8 6.33248e+30 7.28158e+07 9.71431e+11 -4.84195e+11 0 0 0 0
P9 8.43096e+30 4.21241e+07 -8.02066e+10 -8.04181e+11 0 0 0 0
P10 5.03495e+30 7.5081e+07 9.76844e+11 8.55099e+11 0 0 0 0
P11 2.81842e+30 4.2015e+07 5.24549e+11 -6.50223e+11 0 0 0 0
P12 6.84533e+30 3.93848e+07 -8.81167e+11 8.63939e+11 0 0 0 0
P13 4.14679e+30 5.6925e+07 -2.87136e+10 1.15274e+12 0 0 0 0
P14 6.54741e+30 8.05042e+07 -5.89205e+10 -7.41874e+11 0 0 0 0
P15 4.1621e+30 8.86792e+07 -8.44504e+11 -3.36652e+11 0 0 0 0
P16 4.57777e+30 9.32358e+07 -7.11879e+11 1.0223e+12 0 0 0 0
P17 8.19386e+30 4.67623e+07 3.31847e+11 8.11743e+11 0 0 0 0
P18 2.96423e+30 5.1929e+07 -2.14929e+11 9.41414e+11 0 0 0 0
P19 7.0947e+30 2.89015e+06 6.24685e+10 -1.08702e+12 0 0 0 0
P20 9.17468e+30 8.91118e+07 -9.02013e+11 1.22341e+12 0 0 0 0
P21 4.45328e+30 8.08583e+07 -7.21203e+11 -8.65989e+11 0 0 0 0
P22 7.30062e+30 4.23546e+07 4.51405e+11 8.4105e+11 0 0 0 0
P23 6.33276e+30 2.21411e+07 -2.77942e+11 1.11886e+12 0 0 0 0
P24 7.86027e+30 2.89334e+07 -1.22171e+12 1.20809e+12 0 0 0 0
P25 1.85112e+30 1.66154e+07 -6.07078e+11 -9.95907e+11 0 0 0 0
