galaxy
5000 5000 5000
315360000
1
1
1000
P1 5000 5 0 0 0 0 0 0
P2 1e-05 0.2 -39.541 -166.801 0 4.86517 -1.15331 0
P3 1e-05 0.2 -151.676 95.0255 0 -2.65457 -4.23713 0
P4 1e-05 0.2 6.08202 184.638 0 -4.99729 0.164612 0
P5 1e-05 0.2 -40.1887 -166.615 0 4.8606 -1.17241 0
P6 1e-05 0.2 -158.565 90.8273 0 -2.4852 -4.33864 0
P7 1e-05 0.2 25.5654 -149.225 0 4.9282 0.844305 0
P8 1e-05 0.2 0.439417 -184.67 0 4.99999 0.0118973 0
P9 1e-05 0.2 -184.137 3.11393 0 -0.0845428 -4.99929 0
P10 1e-05 0.2 -173.009 72.4782 0 -1.93196 -4.61167 0
P11 1e-05 0.2 166.726 10.2343 0 -0.306344 4.99061 0
P12 1e-05 0.2 -21.9887 190.588 0 -4.96705 -0.573062 0
P13 1e-05 0.2 123.228 -100.505 0 3.1602 3.87468 0
P14 1e-05 0.2 174.438 -97.2487 0 2.43469 4.36718 0
P15 1e-05 0.2 13.4956 -154.84 0 4.98112 0.434145 0
P16 1e-05 0.2 113.712 -146.648 0 3.9513 3.06386 0
P17 1e-05 0.2 -140.769 -52.4042 0 1.7444 -4.68584 0
P18 1e-05 0.2 -49.7445 181.443 0 -4.82206 -1.32202 0
P19 1e-05 0.2 11.895 193.876 0 -4.99062 0.306192 0
P20 1e-05 0.2 -171.2 -67.1457 0 1.82564 -4.65479 0
P21 1e-05 0.2 -174.448 23.7561 0 -0.674666 -4.95427 0
P22 1e-05 0.2 -103.386 143.735 0 -4.05905 -2.91961 0
P23 1e-05 0.2 -38.1609 -171.691 0 4.88089 -1.08485 0
P24 1e-05 0.2 166.953 -13.1623 0 0.392974 4.98453 0
P25 1e-05 0.2 135.773 -84.5949 0 2.64408 4.24368 0
P26 1e-05 0.2 158.278 71.5379 0 -2.05931 4.55623 0
P27 1e-05 0.2 67.2259 -178.3 0 4.6785 1.76398 0
P28 1e-05 0.2 -174.635 12.9997 0 -0.371168 -4.9862 0
P29 1e-05 0.2 -19.3692 193.098 0 -4.97503 -0.499033 0
P30 1e-05 0.2 92.0559 139.254 0 -4.171 2.75731 0
P31 1e-05 0.2 136.966 -70.3612 0 2.28473 4.44747 0
P32 1e-05 0.2 -159.51 71.2918 0 -2.04021 -4.56481 0
P33 1e-05 0.2 -96.8422 -143.517 0 4.14467 -2.79674 0
P34 1e-05 0.2 -69.7208 -178.509 0 4.65737 -1.81904 0
P35 1e-05 0.2 -58.7747 -189.374 0 4.7753 -1.48208 0
P36 1e-05 0.2 -195.53 -13.9275 0 0.355247 -4.98736 0
P37 1e-05 0.2 61.2544 153.49 0 -4.64386 1.85326 0
P38 1e-05 0.2 -145.84 -110.146 0 3.0134 -3.98992 0
P39 1e-05 0.2 86.3533 162.704 0 -4.41651 2.34402 0
P40 1e-05 0.2 66.8167 -141.664 0 4.52223 2.13293 0
P41 1e-05 0.2 -142.029 90.899 0 -2.69528 -4.21135 0
P42 1e-05 0.2 140.195 127.096 0 -3.35824 3.70435 0
P43 1e-05 0.2 -164.282 21.4523 0 -0.647413 -4.95791 0
P44 1e-05 0.2 -66.1392 183.298 0 -4.70319 -1.69705 0
P45 1e-05 0.2 130.446 -79.1153 0 2.59288 4.27516 0
P46 1e-05 0.2 -87.7104 178.847 0 -4.4892 -2.20161 0
P47 1e-05 0.2 -153.137 109.527 0 -2.9087 -4.06687 0
P48 1e-05 0.2 -151.731 64.4104 0 -1.95376 -4.60248 0
P49 1e-05 0.2 -191.923 27.9298 0 -0.720047 -4.94788 0
P50 1e-05 0.2 -119.801 158.537 0 -3.98912 -3.01446 0
P51 1e-05 0.2 181.873 -2.30826 0 0.0634531 4.9996 0
P52 1e-05 0.2 -149.314 -37.7888 0 1.22674 -4.84718 0
P53 1e-05 0.2 -113.766 146.851 0 -3.95264 -3.06213 0
P54 1e-05 0.2 171.974 91.0807 0 -2.34016 4.41856 0
P55 1e-05 0.2 -96.6935 153.647 0 -4.23175 -2.66313 0
P56 1e-05 0.2 -52.1355 -186.885 0 4.8161 -1.34355 0
P57 1e-05 0.2 -175.46 -14.907 0 0.423273 -4.98205 0
P58 1e-05 0.2 -137.375 99.2663 0 -2.92844 -4.05268 0
P59 1e-05 0.2 -57.4517 185.944 0 -4.77717 -1.47602 0
P60 1e-05 0.2 24.9475 -185.225 0 4.95526 0.66741 0
P61 1e-05 0.2 -186.812 -12.4515 0 0.332524 -4.98893 0
P62 1e-05 0.2 -79.7985 -168.032 0 4.51656 -2.14491 0
P63 1e-05 0.2 -123.635 -129.904 0 3.62184 -3.44706 0
P64 1e-05 0.2 133.969 113.044 0 -3.22448 3.82135 0
P65 1e-05 0.2 5.63664 -156.714 0 4.99677 0.179722 0
P66 1e-05 0.2 -112.625 135.16 0 -3.84123 -3.20078 0
P67 1e-05 0.2 -118.577 -123.865 0 3.61178 -3.4576 0
P68 1e-05 0.2 168.903 76.3095 0 -2.05862 4.55654 0
P69 1e-05 0.2 -172.983 17.7509 0 -0.510401 -4.97388 0
P70 1e-05 0.2 -163.727 -91.6108 0 2.44147 -4.3634 0
P71 1e-05 0.2 94.1431 163.314 0 -4.33181 2.49709 0
P72 1e-05 0.2 -195.282 19.4225 0 -0.494853 -4.97545 0
P73 1e-05 0.2 155.722 97.5942 0 -2.65524 4.23671 0
P74 1e-05 0.2 -16.4915 -155.923 0 4.97227 -0.525901 0
P75 1e-05 0.2 108.336 -161.361 0 4.15118 2.78706 0
P76 1e-05 0.2 146.602 101.449 0 -2.8452 4.11155 0
P77 1e-05 0.2 137.268 -96.073 0 2.86702 4.09637 0
P78 1e-05 0.2 -87.3652 -131.596 0 4.16558 -2.76549 0
P79 1e-05 0.2 75.4096 -156.873 0 4.50637 2.16624 0
P80 1e-05 0.2 146.121 135.421 0 -3.39872 3.66725 0
P81 1e-05 0.2 165.116 -109.129 0 2.75691 4.17127 0
P82 1e-05 0.2 123.31 90.1246 0 -2.95037 4.03675 0
P83 1e-05 0.2 156.498 -43.4381 0 1.33726 4.81785 0
P84 1e-05 0.2 159.279 2.28642 0 -0.0717669 4.99948 0
P85 1e-05 0.2 -161.56 -75.2318 0 2.11068 -4.53266 0
P86 1e-05 0.2 77.8686 -183.462 0 4.60258 1.95351 0
P87 1e-05 0.2 -139.377 88.6846 0 -2.68416 -4.21845 0
P88 1e-05 0.2 23.7663 -163.784 0 4.94818 0.718016 0
P89 1e-05 0.2 10.6384 -190.873 0 4.99225 0.278245 0
P90 1e-05 0.2 12.9188 -166.91 0 4.98509 0.385846 0
P91 1e-05 0.2 -116.051 115.845 0 -3.5324 -3.53867 0
P92 1e-05 0.2 142.144 122.073 0 -3.25757 3.79318 0
P93 1e-05 0.2 140.57 -76.9034 0 2.39977 4.38647 0
P94 1e-05 0.2 102.387 -135.585 0 3.99012 3.01313 0
P95 1e-05 0.2 52.7787 -151.16 0 4.72053 1.64821 0
P96 1e-05 0.2 133.618 137.029 0 -3.5798 3.4907 0
P97 1e-05 0.2 129.363 -144.08 0 3.72043 3.34042 0
P98 1e-05 0.2 20.9664 -165.439 0 4.96032 0.628633 0
P99 1e-05 0.2 -184.411 54.3863 0 -1.41437 -4.79579 0
P100 1e-05 0.2 -19.7381 -182.098 0 4.97088 -0.538808 0
P101 1e-05 0.2 -106.522 -151.884 0 4.09359 -2.87098 0
P102 1e-05 0.2 155.405 3.12433 0 -0.100502 4.99899 0
P103 1e-05 0.2 25.7037 -165.602 0 4.94084 0.766887 0
P104 1e-05 0.2 88.0132 170.727 0 -4.44421 2.29108 0
P105 1e-05 0.2 188.836 -14.523 0 0.383408 4.98528 0
P106 1e-05 0.2 132.215 -118.773 0 3.3414 3.71955 0
P107 1e-05 0.2 93.4207 149.075 0 -4.23681 2.65508 0
P108 1e-05 0.2 -155.344 -63.0841 0 1.88126 -4.63259 0
P109 1e-05 0.2 154.449 118.373 0 -3.04154 3.96851 0
P110 1e-05 0.2 -175.081 88.3673 0 -2.25292 -4.46367 0
P111 1e-05 0.2 148.916 -81.96 0 2.41086 4.38038 0
P112 1e-05 0.2 91.2244 -171.161 0 4.41242 2.35171 0
P113 1e-05 0.2 185.724 -12.7196 0 0.341632 4.98832 0
P114 1e-05 0.2 35.5232 -186.256 0 4.91147 0.936728 0
P115 1e-05 0.2 -40.5751 -154.282 0 4.83557 -1.27172 0
P116 1e-05 0.2 76.5322 -139.014 0 4.38009 2.41139 0
P117 1e-05 0.2 -186.882 47.1418 0 -1.22296 -4.84813 0
P118 1e-05 0.2 159.818 97.2762 0 -2.59965 4.27104 0
P119 1e-05 0.2 -1.42934 166.187 0 -4.99982 -0.0430025 0
P120 1e-05 0.2 -82.5773 -161.594 0 4.45234 -2.27523 0
P121 1e-05 0.2 -50.2129 -165.214 0 4.78393 -1.45396 0
P122 1e-05 0.2 95.697 -159.596 0 4.28818 2.57129 0
P123 1e-05 0.2 63.2229 -187.87 0 4.73886 1.59474 0
P124 1e-05 0.2 3.09536 -196.203 0 4.99938 0.0788718 0
P125 1e-05 0.2 -151.598 118.078 0 -3.07243 -3.94464 0
P126 1e-05 0.2 -99.9136 154.426 0 -4.19796 -2.71608 0
P127 1e-05 0.2 -156.688 -14.1966 0 0.451174 -4.9796 0
P128 1e-05 0.2 -146.804 -123.745 0 3.22251 -3.82301 0
P129 1e-05 0.2 -83.3869 -162.043 0 4.44587 -2.28784 0
P130 1e-05 0.2 -149.016 -26.7912 0 0.884753 -4.9211 0
P131 1e-05 0.2 113.2 162.854 0 -4.10559 2.85379 0
P132 1e-05 0.2 44.6705 -146.213 0 4.78181 1.46092 0
P133 1e-05 0.2 196.811 7.694 0 -0.195317 4.99618 0
P134 1e-05 0.2 -79.0728 -161.459 0 4.49041 -2.19913 0
P135 1e-05 0.2 -188.553 -38.2366 0 0.99372 -4.90026 0
P136 1e-05 0.2 24.5057 160.637 0 -4.94281 0.754042 0
P137 1e-05 0.2 -82.1434 177.315 0 -4.53682 -2.10174 0
P138 1e-05 0.2 -105.21 115.073 0 -3.69014 -3.37385 0
P139 1e-05 0.2 -107.634 134.514 0 -3.90403 -3.12387 0
P140 1e-05 0.2 156.285 -27.3709 0 0.862547 4.92504 0
P141 1e-05 0.2 195.55 38.2321 0 -0.95939 4.90709 0
P142 1e-05 0.2 -102.966 -135.436 0 3.98031 -3.02607 0
P143 1e-05 0.2 -32.711 -160.903 0 4.89977 -0.996108 0
P144 1e-05 0.2 116.959 -122.495 0 3.61631 3.45286 0
P145 1e-05 0.2 -148.538 -118.663 0 3.1208 -3.90649 0
P146 1e-05 0.2 -122.278 -101.454 0 3.19267 -3.84797 0
P147 1e-05 0.2 117.363 -97.0363 0 3.18605 3.85345 0
P148 1e-05 0.2 -64.3026 145.115 0 -4.57131 -2.02561 0
P149 1e-05 0.2 150.699 -5.11627 0 0.169653 4.99712 0
P150 1e-05 0.2 -100.209 172.044 0 -4.32053 -2.51654 0
P151 1e-05 0.2 124.382 -149.332 0 3.84187 3.2 0
P152 1e-05 0.2 182.099 -53.7318 0 1.41503 4.79559 0
P153 1e-05 0.2 -131.478 -106.637 0 3.14961 -3.88329 0
P154 1e-05 0.2 120.996 -127.778 0 3.63058 3.43786 0
P155 1e-05 0.2 1.19262 166.561 0 -4.99987 0.0358004 0
P156 1e-05 0.2 -101.861 135.55 0 -3.99719 -3.00375 0
P157 1e-05 0.2 -29.5117 -192.707 0 4.94238 -0.756889 0
P158 1e-05 0.2 174.062 -88.6858 0 2.26988 4.45507 0
P159 1e-05 0.2 32.619 181.011 0 -4.92074 0.886739 0
P160 1e-05 0.2 160.524 -62.9085 0 1.82438 4.65528 0
P161 1e-05 0.2 95.4007 -155.751 0 4.26373 2.61162 0
P162 1e-05 0.2 104.99 -130.361 0 3.8941 3.13624 0
P163 1e-05 0.2 75.4531 -165.71 0 4.55048 2.07198 0
P164 1e-05 0.2 -109.32 -164.114 0 4.1613 -2.77193 0
P165 1e-05 0.2 47.4938 -169.215 0 4.81398 1.35114 0
P166 1e-05 0.2 -82.415 -144.891 0 4.34612 -2.47209 0
P167 1e-05 0.2 -31.2769 174.927 0 -4.92194 -0.880044 0
P168 1e-05 0.2 -9.23513 -170.394 0 4.99267 -0.270596 0
P169 1e-05 0.2 -98.7383 -148.328 0 4.16215 -2.77065 0
P170 1e-05 0.2 -53.5888 -182.465 0 4.79738 -1.40896 0
P171 1e-05 0.2 146.595 73.2811 0 -2.23566 4.47234 0
P172 1e-05 0.2 65.439 -165.994 0 4.65159 1.83377 0
P173 1e-05 0.2 57.3902 -183.691 0 4.7725 1.49106 0
P174 1e-05 0.2 -159.955 118.553 0 -2.97724 -4.01697 0
P175 1e-05 0.2 -155.663 51.1384 0 -1.56055 -4.75023 0
P176 1e-05 0.2 -139.69 89.3121 0 -2.69336 -4.21258 0
P177 1e-05 0.2 124.267 -140.339 0 3.74338 3.31468 0
P178 1e-05 0.2 -15.7236 166.052 0 -4.97773 -0.471345 0
P179 1e-05 0.2 173.668 25.4421 0 -0.724758 4.94719 0
P180 1e-05 0.2 188.973 -12.1195 0 0.320009 4.98975 0
P181 1e-05 0.2 105.792 -144.108 0 4.03053 2.95886 0
P182 1e-05 0.2 -165.085 101.684 0 -2.62223 -4.25722 0
P183 1e-05 0.2 164.065 -83.2754 0 2.26305 4.45854 0
P184 1e-05 0.2 12.434 -170.378 0 4.98674 0.363927 0
P185 1e-05 0.2 -148.378 104.84 0 -2.8853 -4.08351 0
P186 1e-05 0.2 138.834 -124.432 0 3.33713 3.72338 0
P187 1e-05 0.2 -93.4599 172.571 0 -4.39663 -2.3811 0
P188 1e-05 0.2 89.197 150.822 0 -4.30369 2.54523 0
P189 1e-05 0.2 -72.8622 168.462 0 -4.58915 -1.98487 0
P190 1e-05 0.2 -176.997 79.7239 0 -2.05343 -4.55888 0
P191 1e-05 0.2 190.227 13.7764 0 -0.361158 4.98694 0
P192 1e-05 0.2 114.64 -105.479 0 3.38546 3.67949 0
P193 1e-05 0.2 172.619 -63.0713 0 1.71594 4.69633 0
P194 1e-05 0.2 108.557 152.389 0 -4.07235 2.90103 0
P195 1e-05 0.2 -67.4795 -159.948 0 4.60681 -1.94354 0
P196 1e-05 0.2 -33.6662 188.429 0 -4.92206 -0.879414 0
P197 1e-05 0.2 41.468 156.476 0 -4.83316 1.28084 0
P198 1e-05 0.2 112.761 -114.208 0 3.55801 3.51292 0
P199 1e-05 0.2 -4.52191 -164.836 0 4.99812 -0.137112 0
P200 1e-05 0.2 -173.904 57.2832 0 -1.5643 -4.749 0
P201 1e-05 0.2 151.494 -113.331 0 2.9951 4.00367 0
P202 1e-05 0.2 -1.2312 156.066 0 -4.99984 -0.0394437 0
P203 1e-05 0.2 -5.89991 -197.716 0 4.99778 -0.149135 0
P204 1e-05 0.2 106.696 109.005 0 -3.57318 3.49748 0
P205 1e-05 0.2 181.262 25.1378 0 -0.686836 4.9526 0
P206 1e-05 0.2 -175.694 -87.8035 0 2.23518 -4.47258 0
P207 1e-05 0.2 -169.311 -67.2029 0 1.84461 -4.6473 0
P208 1e-05 0.2 166.038 69.828 0 -1.93833 4.609 0
P209 1e-05 0.2 -131.535 -141.332 0 3.66011 -3.40641 0
P210 1e-05 0.2 -169.748 20.4858 0 -0.599071 -4.96398 0
P211 1e-05 0.2 -181.784 18.4938 0 -0.506063 -4.97432 0
P212 1e-05 0.2 134.793 -98.1404 0 2.943 4.04212 0
P213 1e-05 0.2 40.0476 145.704 0 -4.82121 1.32513 0
P214 1e-05 0.2 138.288 93.1633 0 -2.79363 4.14676 0
P215 1e-05 0.2 163.071 -16.8723 0 0.514581 4.97345 0
P216 1e-05 0.2 164.838 21.5266 0 -0.647463 4.9579 0
P217 1e-05 0.2 -7.13378 -170.286 0 4.99562 -0.209281 0
P218 1e-05 0.2 -141.603 -67.2991 0 2.14627 -4.51592 0
P219 1e-05 0.2 28.0198 156.422 0 -4.92166 0.881617 0
P220 1e-05 0.2 155.714 -28.0297 0 0.8858 4.92091 0
P221 1e-05 0.2 -158.806 89.31 0 -2.45092 -4.3581 0
P222 1e-05 0.2 110.44 -149.005 0 4.01694 2.97728 0
P223 1e-05 0.2 126.657 90.6424 0 -2.90986 4.06604 0
P224 1e-05 0.2 -65.8696 -176.35 0 4.68393 -1.74952 0
P225 1e-05 0.2 -55.983 174.787 0 -4.76172 -1.52514 0
P226 1e-05 0.2 146.702 45.1192 0 -1.46983 4.77908 0
P227 1e-05 0.2 173.604 -67.6856 0 1.81626 4.65846 0
P228 1e-05 0.2 -171.594 66.9303 0 -1.81693 -4.65819 0
P229 1e-05 0.2 150.238 -7.90836 0 0.262831 4.99309 0
P230 1e-05 0.2 -88.6773 162.454 0 -4.38873 -2.39563 0
P231 1e-05 0.2 124.142 129.406 0 -3.60816 3.46138 0
P232 1e-05 0.2 160.564 -28.9106 0 0.886034 4.92087 0
P233 1e-05 0.2 -45.3245 163.448 0 -4.81818 -1.33609 0
P234 1e-05 0.2 -128.748 93.6381 0 -2.94093 -4.04363 0
P235 1e-05 0.2 85.7323 -163.389 0 4.42751 2.32317 0
P236 1e-05 0.2 155.396 71.5591 0 -2.09138 4.5416 0
P237 1e-05 0.2 134.375 79.6601 0 -2.54973 4.30103 0
P238 1e-05 0.2 -41.7982 -183.513 0 4.87514 -1.1104 0
P239 1e-05 0.2 -109.067 143.891 0 -3.98468 -3.02033 0
P240 1e-05 0.2 120.411 -114.654 0 3.44791 3.62104 0
P241 1e-05 0.2 71.8224 -166.731 0 4.59206 1.97812 0
P242 1e-05 0.2 -137.109 64.5813 0 -2.13059 -4.52334 0
P243 1e-05 0.2 73.3298 142.912 0 -4.44856 2.28261 0
P244 1e-05 0.2 -78.1546 158.516 0 -4.48455 -2.21106 0
P245 1e-05 0.2 158.587 -13.5372 0 0.425262 4.98188 0
P246 1e-05 0.2 -127.739 79.214 0 -2.63507 -4.24928 0
P247 1e-05 0.2 -114.244 -118.909 0 3.60555 -3.46411 0
P248 1e-05 0.2 148.078 53.9767 0 -1.71236 4.69764 0
P249 1e-05 0.2 -162.599 -84.3882 0 2.30325 -4.43791 0
P250 1e-05 0.2 25.1111 181.709 0 -4.95293 0.684467 0
P251 1e-05 0.2 -129.193 89.7121 0 -2.85186 -4.10693 0
P252 1e-05 0.2 -126.725 142.448 0 -3.73569 -3.32334 0
P253 1e-05 0.2 175.831 62.64 0 -1.67796 4.71004 0
P254 1e-05 0.2 61.1277 -159.755 0 4.66982 1.78683 0
P255 1e-05 0.2 5.1441 -151.111 0 4.99711 0.170111 0
P256 1e-05 0.2 112.674 121.836 0 -3.67087 3.39481 0
P257 1e-05 0.2 -139.575 137.789 0 -3.5127 -3.55822 0
P258 1e-05 0.2 193.049 18.6774 0 -0.481499 4.97676 0
P259 1e-05 0.2 -171.172 -93.2075 0 2.39111 -4.39119 0
P260 1e-05 0.2 158.119 12.353 0 -0.389437 4.98481 0
P261 1e-05 0.2 -175.736 86.3605 0 -2.20522 -4.48743 0
P262 1e-05 0.2 -68.285 166.347 0 -4.62545 -1.89874 0
P263 1e-05 0.2 -180.562 -10.4582 0 0.289117 -4.99163 0
P264 1e-05 0.2 48.1918 -170.389 0 4.81126 1.36079 0
P265 1e-05 0.2 126.144 -118.442 0 3.42251 3.64506 0
P266 1e-05 0.2 33.3952 168.527 0 -4.90463 0.971899 0
P267 1e-05 0.2 -16.009 -164.73 0 4.97655 -0.483639 0
P268 1e-05 0.2 -37.5068 -156.101 0 4.86164 -1.16812 0
P269 1e-05 0.2 -72.6933 -144.039 0 4.46375 -2.25275 0
P270 1e-05 0.2 -150.165 68.984 0 -2.08723 -4.54351 0
P271 1e-05 0.2 83.3544 -130.581 0 4.21454 2.69029 0
P272 1e-05 0.2 97.2691 -117.46 0 3.85099 3.18902 0
P273 1e-05 0.2 -76.8727 -181.419 0 4.60376 -1.95075 0
P274 1e-05 0.2 -157.547 -45.7649 0 1.39476 -4.80152 0
P275 1e-05 0.2 -144.617 121.112 0 -3.21026 -3.83331 0
P276 1e-05 0.2 141.194 -98.554 0 2.86182 4.1 0
P277 1e-05 0.2 -28.7761 -154.152 0 4.9151 -0.917518 0
P278 1e-05 0.2 114.438 -106.482 0 3.40601 3.66048 0
P279 1e-05 0.2 147.74 61.6318 0 -1.92504 4.61457 0
P280 1e-05 0.2 149.592 -40.9432 0 1.31995 4.82263 0
P281 1e-05 0.2 -129.016 -86.4434 0 2.78314 -4.15381 0
P282 1e-05 0.2 -143.529 85.3395 0 -2.55533 -4.29771 0
P283 1e-05 0.2 -154.684 -75.2297 0 2.18681 -4.49643 0
P284 1e-05 0.2 133.228 -100.881 0 3.01835 3.98617 0
P285 1e-05 0.2 177.961 -87.9329 0 2.21493 4.48264 0
P286 1e-05 0.2 165.338 -104.069 0 2.66347 4.23154 0
P287 1e-05 0.2 -88.379 178.677 0 -4.48172 -2.2168 0
P288 1e-05 0.2 112.57 -161.639 0 4.10303 2.85747 0
P289 1e-05 0.2 -89.5716 172.919 0 -4.43972 -2.29976 0
P290 1e-05 0.2 -197.132 -29.6493 0 0.743651 -4.94439 0
P291 1e-05 0.2 166.691 107.721 0 -2.71382 4.19943 0
P292 1e-05 0.2 -172.863 97.6103 0 -2.45848 -4.35383 0
P293 1e-05 0.2 151.128 -24.5931 0 0.803089 4.93508 0
P294 1e-05 0.2 -56.2067 -171.62 0 4.75166 -1.5562 0
P295 1e-05 0.2 -125.937 103.375 0 -3.17236 -3.86473 0
P296 1e-05 0.2 152.09 -117.689 0 3.05993 3.95434 0
P297 1e-05 0.2 79.3258 182.036 0 -4.5837 1.99743 0
P298 1e-05 0.2 35.5063 189.828 0 -4.91477 0.919279 0
P299 1e-05 0.2 -67.8073 156.615 0 -4.58841 -1.98658 0
P300 1e-05 0.2 95.1351 164.407 0 -4.32768 2.50423 0
P301 1e-05 0.2 124.445 -98.8323 0 3.10958 3.91542 0
P302 1e-05 0.2 -53.5295 -158.083 0 4.73586 -1.60364 0
P303 1e-05 0.2 182.726 -72.724 0 1.84892 4.64559 0
P304 1e-05 0.2 -49.362 190.023 0 -4.83938 -1.25712 0
P305 1e-05 0.2 87.5209 165.38 0 -4.41931 2.33875 0
P306 1e-05 0.2 175.873 -2.00903 0 0.0571121 4.99967 0
P307 1e-05 0.2 94.9384 147.23 0 -4.20211 2.70966 0
P308 1e-05 0.2 -130.165 75.5279 0 -2.50939 -4.32469 0
P309 1e-05 0.2 -154.345 73.7528 0 -2.15575 -4.5114 0
P310 1e-05 0.2 25.4178 196.92 0 -4.95886 0.640072 0
P311 1e-05 0.2 -158.696 -112.349 0 2.88904 -4.08087 0
P312 1e-05 0.2 -172.333 36.6301 0 -1.03955 -4.89074 0
P313 1e-05 0.2 -103.915 -138.754 0 4.00208 -2.99723 0
P314 1e-05 0.2 -92.9325 139.891 0 -4.16475 -2.76674 0
P315 1e-05 0.2 172.237 81.8773 0 -2.14667 4.51573 0
P316 1e-05 0.2 56.8051 188.958 0 -4.78831 1.43948 0
P317 1e-05 0.2 -98.5294 135.085 0 -4.03962 -2.94644 0
P318 1e-05 0.2 15.5275 -173.255 0 4.98004 0.446323 0
P319 1e-05 0.2 165.076 66.0406 0 -1.8572 4.64228 0
P320 1e-05 0.2 -139.601 122.789 0 -3.30223 -3.75436 0
P321 1e-05 0.2 133.156 -70.4618 0 2.3386 4.41938 0
P322 1e-05 0.2 132.737 -144.865 0 3.68648 3.37785 0
P323 1e-05 0.2 -64.7633 186.205 0 -4.72251 -1.64252 0
P324 1e-05 0.2 -102.109 -117.754 0 3.77756 -3.27567 0
P325 1e-05 0.2 152.035 -98.1136 0 2.71115 4.20115 0
P326 1e-05 0.2 114.31 139.983 0 -3.87279 3.16252 0
P327 1e-05 0.2 -25.6292 156.354 0 -4.93415 -0.808794 0
P328 1e-05 0.2 151.556 88.3259 0 -2.51762 4.31991 0
P329 1e-05 0.2 67.4607 -167.859 0 4.63936 1.8645 0
P330 1e-05 0.2 -180.686 -37.7067 0 1.02143 -4.89456 0
P331 1e-05 0.2 -16.2569 -172.053 0 4.97783 -0.470343 0
P332 1e-05 0.2 163.013 27.039 0 -0.818171 4.93261 0
P333 1e-05 0.2 -103.584 -159.268 0 4.1915 -2.72605 0
P334 1e-05 0.2 -68.5179 145.196 0 -4.52181 -2.13383 0
P335 1e-05 0.2 174.554 -15.9498 0 0.454979 4.97926 0
P336 1e-05 0.2 -83.3577 151.62 0 -4.38149 -2.40885 0
P337 1e-05 0.2 124.413 -147.157 0 3.81827 3.22813 0
P338 1e-05 0.2 -57.9112 167.139 0 -4.72445 -1.63695 0
P339 1e-05 0.2 -51.556 -141.949 0 4.69963 -1.7069 0
P340 1e-05 0.2 -20.4794 -163.948 0 4.96144 -0.619753 0
P341 1e-05 0.2 184.078 15.0493 0 -0.407416 4.98337 0
P342 1e-05 0.2 -172.974 -1.10583 0 0.0319644 -4.9999 0
P343 1e-05 0.2 7.2983 162.468 0 -4.99496 0.22438 0
P344 1e-05 0.2 -161.62 18.1298 0 -0.55738 -4.96884 0
P345 1e-05 0.2 -128.647 -132.735 0 3.59039 -3.47981 0
P346 1e-05 0.2 49.1274 186.575 0 -4.83519 1.27316 0
P347 1e-05 0.2 30.7688 -172.295 0 4.92213 0.879007 0
P348 1e-05 0.2 43.2705 -148.038 0 4.79919 1.40277 0
P349 1e-05 0.2 -167.178 38.7829 0 -1.12992 -4.87066 0
P350 1e-05 0.2 123.54 -111.893 0 3.35652 3.70591 0
P351 1e-05 0.2 -166.69 32.5742 0 -0.958952 -4.90718 0
P352 1e-05 0.2 17.3688 -187.661 0 4.97872 0.4608 0
P353 1e-05 0.2 -139.257 78.7113 0 -2.46031 -4.3528 0
P354 1e-05 0.2 133.334 134.546 0 -3.5515 3.5195 0
P355 1e-05 0.2 -74.9834 156.496 0 -4.50913 -2.1605 0
P356 1e-05 0.2 -161.815 -88.0723 0 2.39028 -4.39165 0
P357 1e-05 0.2 21.4273 -162.074 0 4.95687 0.655334 0
P358 1e-05 0.2 -155.192 65.1357 0 -1.93503 -4.61039 0
P359 1e-05 0.2 -163.442 -76.4347 0 2.11811 -4.5292 0
P360 1e-05 0.2 142.024 -123.158 0 3.27572 3.77752 0
P361 1e-05 0.2 -48.5697 -193.708 0 4.84987 -1.21604 0
P362 1e-05 0.2 -130.861 -80.8385 0 2.62776 -4.25381 0
P363 1e-05 0.2 26.378 -157.348 0 4.93119 0.826672 0
P364 1e-05 0.2 -137.211 -113.473 0 3.18649 -3.85309 0
P365 1e-05 0.2 -169.402 55.9967 0 -1.56926 -4.74736 0
P366 1e-05 0.2 -0.0185805 -185.645 0 5 -0.000500429 0
P367 1e-05 0.2 155.635 -22.2142 0 0.706503 4.94983 0
P368 1e-05 0.2 -184.621 -24.537 0 0.658733 -4.95642 0
P369 1e-05 0.2 153.203 21.5079 0 -0.695127 4.95144 0
P370 1e-05 0.2 -189.182 -1.96398 0 0.0519045 -4.99973 0
P371 1e-05 0.2 -14.5884 -157.418 0 4.97867 -0.461389 0
P372 1e-05 0.2 17.5513 -192.786 0 4.97941 0.453327 0
P373 1e-05 0.2 180.951 11.1758 0 -0.308222 4.99049 0
P374 1e-05 0.2 -115.867 155.57 0 -4.01 -2.98662 0
P375 1e-05 0.2 -178.255 80.1965 0 -2.05143 -4.55978 0
P376 1e-05 0.2 -185.7 71.7816 0 -1.80274 -4.6637 0
P377 1e-05 0.2 32.5909 -168.263 0 4.90877 0.950781 0
P378 1e-05 0.2 -145.67 -123.983 0 3.24072 -3.80759 0
P379 1e-05 0.2 42.2487 163.355 0 -4.84072 1.25196 0
P380 1e-05 0.2 175.209 -17.2453 0 0.489768 4.97595 0
P381 1e-05 0.2 85.7663 154.114 0 -4.36901 2.4314 0
P382 1e-05 0.2 -148.568 43.1988 0 -1.39602 -4.80116 0
P383 1e-05 0.2 -166.832 -31.4452 0 0.92611 -4.91348 0
P384 1e-05 0.2 38.1704 183.118 0 -4.89479 1.0203 0
P385 1e-05 0.2 -6.77924 172.389 0 -4.99614 -0.196474 0
P386 1e-05 0.2 -123.264 105.413 0 -3.24966 -3.79996 0
P387 1e-05 0.2 -73.9554 -156.331 0 4.51976 -2.13816 0
P388 1e-05 0.2 -48.6629 -187.077 0 4.83897 -1.25872 0
P389 1e-05 0.2 138.212 -97.2152 0 2.87657 4.08966 0
P390 1e-05 0.2 147.116 -49.8233 0 1.60385 4.73578 0
P391 1e-05 0.2 139.868 -129.42 0 3.3958 3.66995 0
P392 1e-05 0.2 170.415 42.29 0 -1.20427 4.85281 0
P393 1e-05 0.2 -17.5408 158.963 0 -4.96984 -0.548397 0
P394 1e-05 0.2 -114.731 -133.249 0 3.789 -3.26244 0
P395 1e-05 0.2 143.789 -92.1785 0 2.69845 4.20932 0
P396 1e-05 0.2 -31.1847 -151.334 0 4.89711 -1.00913 0
P397 1e-05 0.2 -120.097 118.958 0 -3.51864 -3.55235 0
P398 1e-05 0.2 157.8 -87.2328 0 2.41902 4.37588 0
P399 1e-05 0.2 40.3588 -167.974 0 4.86164 1.1681 0
P400 1e-05 0.2 -55.9724 177.192 0 -4.76778 -1.50607 0
P401 1e-05 0.2 146.953 -41.5289 0 1.35974 4.81156 0
P402 1e-05 0.2 -120.273 -119.72 0 3.52738 -3.54367 0
P403 1e-05 0.2 -4.68784 -162.378 0 4.99792 -0.14429 0
P404 1e-05 0.2 -188.948 60.3131 0 -1.52044 -4.76322 0
P405 1e-05 0.2 177.154 -3.64768 0 0.102931 4.99894 0
P406 1e-05 0.2 15.3772 -164.068 0 4.97818 0.466577 0
P407 1e-05 0.2 -136.557 123.219 0 -3.3496 -3.71217 0
P408 1e-05 0.2 32.5548 -174.118 0 4.91483 0.918926 0
P409 1e-05 0.2 111.265 -115.01 0 3.59355 3.47655 0
P410 1e-05 0.2 -160.007 -85.8843 0 2.36466 -4.40549 0
P411 1e-05 0.2 139.492 -98.4585 0 2.88328 4.08493 0
P412 1e-05 0.2 136.783 72.5833 0 -2.34369 4.41669 0
P413 1e-05 0.2 -107.288 155.732 0 -4.11746 -2.83663 0
P414 1e-05 0.2 128.273 106.116 0 -3.18711 3.85257 0
P415 1e-05 0.2 -123.918 -95.9125 0 3.06039 -3.95399 0
P416 1e-05 0.2 140.184 -135.931 0 3.48066 3.58957 0
P417 1e-05 0.2 -141.065 -51.8272 0 1.7243 -4.69327 0
P418 1e-05 0.2 134.534 -70.4924 0 2.32061 4.42886 0
P419 1e-05 0.2 -100.656 -121.95 0 3.85613 -3.1828 0
P420 1e-05 0.2 106.342 -132.124 0 3.89508 3.13503 0
P421 1e-05 0.2 -164.048 83.7477 0 -2.27342 -4.45326 0
P422 1e-05 0.2 -67.5971 181.624 0 -4.68597 -1.74404 0
P423 1e-05 0.2 -36.7932 191.408 0 -4.91011 -0.943843 0
P424 1e-05 0.2 -78.7425 183.364 0 -4.59429 -1.97294 0
P425 1e-05 0.2 144.772 -93.2812 0 2.70818 4.20307 0
P426 1e-05 0.2 154.51 53.379 0 -1.63268 4.72593 0
P427 1e-05 0.2 -182.584 29.1447 0 -0.78814 -4.93749 0
P428 1e-05 0.2 -41.4786 -178.341 0 4.87002 -1.13267 0
P429 1e-05 0.2 140.446 72.2304 0 -2.28677 4.44643 0
P430 1e-05 0.2 168.139 107.09 0 -2.68604 4.21725 0
P431 1e-05 0.2 -186.714 34.9596 0 -0.920191 -4.9146 0
P432 1e-05 0.2 -68.702 153.237 0 -4.56244 -2.04552 0
P433 1e-05 0.2 -155.907 19.9091 0 -0.633351 -4.95972 0
P434 1e-05 0.2 -70.9271 -173.398 0 4.62781 -1.89297 0
P435 1e-05 0.2 -22.0771 182.624 0 -4.96386 -0.600075 0
P436 1e-05 0.2 -159.109 57.594 0 -1.70183 -4.70147 0
P437 1e-05 0.2 156.887 -105.349 0 2.78737 4.15097 0
P438 1e-05 0.2 -32.5546 -172.417 0 4.91319 -0.927675 0
P439 1e-05 0.2 155.13 52.2382 0 -1.59565 4.73855 0
P440 1e-05 0.2 80.2295 137.51 0 -4.31868 2.51972 0
P441 1e-05 0.2 96.5807 170.15 0 -4.34833 2.4682 0
P442 1e-05 0.2 -38.5263 -162.619 0 4.86533 -1.15265 0
P443 1e-05 0.2 -144.874 72.6078 0 -2.24029 -4.47002 0
P444 1e-05 0.2 25.7767 165.57 0 -4.94049 0.76916 0
P445 1e-05 0.2 148.663 -94.0509 0 2.67319 4.22541 0
P446 1e-05 0.2 -172.877 -51.8321 0 1.43595 -4.78937 0
P447 1e-05 0.2 -110.635 123.204 0 -3.72021 -3.34067 0
P448 1e-05 0.2 17.8091 160.06 0 -4.96933 0.552912 0
P449 1e-05 0.2 -151.949 -108.455 0 2.90477 -4.06968 0
P450 1e-05 0.2 157.16 -33.6407 0 1.04656 4.88924 0
P451 1e-05 0.2 -97.0612 155.497 0 -4.24152 -2.64755 0
P452 1e-05 0.2 183.762 -46.036 0 1.21505 4.85012 0
P453 1e-05 0.2 -118.03 108.612 0 -3.38569 -3.67928 0
P454 1e-05 0.2 -134.63 97.8037 0 -2.93871 -4.04524 0
P455 1e-05 0.2 -160.869 -56.7631 0 1.66373 -4.71508 0
P456 1e-05 0.2 -3.17687 -151.787 0 4.99891 -0.104626 0
P457 1e-05 0.2 62.8046 -184.088 0 4.73218 1.61446 0
P458 1e-05 0.2 -85.9247 -155.232 0 4.37456 -2.42142 0
P459 1e-05 0.2 28.5737 -180.781 0 4.93869 0.780596 0
P460 1e-05 0.2 77.9233 173.82 0 -4.56251 2.04537 0
P461 1e-05 0.2 -165.94 -83.5184 0 2.24787 -4.46621 0
P462 1e-05 0.2 20.1773 -175.7 0 4.96735 0.570447 0
P463 1e-05 0.2 -141.2 -127.921 0 3.357 -3.70548 0
P464 1e-05 0.2 -61.9609 170.904 0 -4.70061 -1.70419 0
P465 1e-05 0.2 -152.641 128.809 0 -3.22461 -3.82124 0
P466 1e-05 0.2 -105.888 -119.227 0 3.73847 -3.32021 0
P467 1e-05 0.2 149.705 99.748 0 -2.77243 4.16096 0
P468 1e-05 0.2 -4.69482 -155.123 0 4.99771 -0.151257 0
P469 1e-05 0.2 162.21 -19.7271 0 0.603625 4.96343 0
P470 1e-05 0.2 -130.387 -114.615 0 3.30111 -3.75535 0
P471 1e-05 0.2 -149.152 26.4825 0 -0.874095 -4.923 0
P472 1e-05 0.2 55.8968 155.938 0 -4.70675 1.68716 0
P473 1e-05 0.2 176.231 51.4768 0 -1.40191 4.79944 0
P474 1e-05 0.2 -38.6221 170.881 0 -4.87698 -1.10228 0
P475 1e-05 0.2 -167.392 60.1432 0 -1.69066 -4.70549 0
P476 1e-05 0.2 150.188 116.584 0 -3.06596 3.94967 0
P477 1e-05 0.2 -171.906 90.1517 0 -2.32217 -4.42804 0
P478 1e-05 0.2 107.978 -154.255 0 4.09617 2.8673 0
P479 1e-05 0.2 134.568 -84.6321 0 2.66191 4.23252 0
P480 1e-05 0.2 177.207 -0.365854 0 0.0103227 4.99999 0
P481 1e-05 0.2 -63.3769 140.025 0 -4.55515 -2.06171 0
P482 1e-05 0.2 -15.4801 174.584 0 -4.98046 -0.44161 0
P483 1e-05 0.2 -161.92 106.831 0 -2.75356 -4.17348 0
P484 1e-05 0.2 -165.39 35.1476 0 -1.03936 -4.89078 0
P485 1e-05 0.2 113.564 -112.452 0 3.51811 3.55288 0
P486 1e-05 0.2 -135.858 146.263 0 -3.66344 -3.40283 0
P487 1e-05 0.2 -47.7357 158.749 0 -4.78821 -1.43981 0
P488 1e-05 0.2 -3.27903 -160.034 0 4.99895 -0.102426 0
P489 1e-05 0.2 -38.329 166.665 0 -4.8728 -1.12063 0
P490 1e-05 0.2 -139.004 -83.9992 0 2.58598 -4.27933 0
P491 1e-05 0.2 -81.2553 178.792 0 -4.55197 -2.06872 0
P492 1e-05 0.2 -138.594 93.3618 0 -2.79348 -4.14686 0
P493 1e-05 0.2 -52.0372 180.397 0 -4.80412 -1.38579 0
P494 1e-05 0.2 -72.5431 -165.849 0 4.58095 -2.00373 0
P495 1e-05 0.2 131.593 100.886 0 -3.04213 3.96805 0
P496 1e-05 0.2 -49.7686 -160.121 0 4.77468 -1.48406 0
P497 1e-05 0.2 69.3956 174.99 0 -4.64786 1.8432 0
P498 1e-05 0.2 -191.303 34.3112 0 -0.882691 -4.92147 0
P499 1e-05 0.2 145.757 -93.9228 0 2.70832 4.20298 0
P500 1e-05 0.2 -9.72266 185.188 0 -4.99312 -0.262147 0
P501 1e-05 0.2 63.6744 181.927 0 -4.71929 1.65175 0
P502 1e-05 0.2 173.597 9.12448 0 -0.262444 4.99311 0
P503 1e-05 0.2 0.290756 180.914 0 -4.99999 0.00803576 0
P504 1e-05 0.2 -20.4326 -179.825 0 4.96803 -0.56449 0
P505 1e-05 0.2 -142.778 63.2405 0 -2.02491 -4.57163 0
P506 1e-05 0.2 119.122 96.1718 0 -3.14086 3.89037 0
P507 1e-05 0.2 147.925 -96.1084 0 2.72409 4.19277 0
P508 1e-05 0.2 160.795 27.3688 0 -0.838983 4.92911 0
P509 1e-05 0.2 132.882 70.7914 0 -2.3509 4.41285 0
P510 1e-05 0.2 -50.0957 150.768 0 -4.74493 -1.5766 0
P511 1e-05 0.2 68.243 -170.872 0 4.64338 1.85447 0
P512 1e-05 0.2 57.6725 174.007 0 -4.74611 1.57304 0
P513 1e-05 0.2 -81.488 -144.925 0 4.35829 -2.45057 0
P514 1e-05 0.2 -67.2057 178.566 0 -4.67954 -1.76121 0
P515 1e-05 0.2 178.55 45.8653 0 -1.244 4.84278 0
P516 1e-05 0.2 90.6782 -170.396 0 4.41391 2.34891 0
P517 1e-05 0.2 -105.222 -145.506 0 4.05162 -2.9299 0
P518 1e-05 0.2 154.049 -10.3127 0 0.333975 4.98883 0
P519 1e-05 0.2 186.45 -32.5529 0 0.859956 4.92549 0
P520 1e-05 0.2 60.0655 -167.948 0 4.70796 1.68377 0
P521 1e-05 0.2 11.2772 -170.268 0 4.98907 0.330434 0
P522 1e-05 0.2 -148.1 31.9221 0 -1.05353 -4.88775 0
P523 1e-05 0.2 -41.4629 -156.347 0 4.83294 -1.28168 0
P524 1e-05 0.2 -144.559 -55.4374 0 1.79033 -4.66848 0
P525 1e-05 0.2 -182.488 75.4165 0 -1.90969 -4.62094 0
P526 1e-05 0.2 -151.923 -28.7371 0 0.929299 -4.91288 0
P527 1e-05 0.2 79.9414 -131.829 0 4.27534 2.59257 0
P528 1e-05 0.2 96.2717 156.994 0 -4.26241 2.61379 0
P529 1e-05 0.2 -0.150555 171.598 0 -5 -0.00438686 0
P530 1e-05 0.2 141.669 -114.435 0 3.14186 3.88956 0
P531 1e-05 0.2 12.1605 192.723 0 -4.99008 0.314866 0
P532 1e-05 0.2 163.756 30.2385 0 -0.907926 4.91688 0
P533 1e-05 0.2 193.29 -36.0441 0 0.916585 4.91527 0
P534 1e-05 0.2 119.229 -156.187 0 3.97434 3.03391 0
P535 1e-05 0.2 -101.694 158.524 0 -4.20848 -2.69977 0
P536 1e-05 0.2 32.4586 163.574 0 -4.90437 0.973194 0
P537 1e-05 0.2 24.7595 184.175 0 -4.95542 0.66618 0
P538 1e-05 0.2 -189.341 51.5293 0 -1.31299 -4.82453 0
P539 1e-05 0.2 69.0352 182.083 0 -4.67525 1.77258 0
P540 1e-05 0.2 -121.891 98.7272 0 -3.14703 -3.88538 0
P541 1e-05 0.2 -119.467 101.392 0 -3.23538 -3.81213 0
P542 1e-05 0.2 95.8343 -140.495 0 4.13056 2.81753 0
P543 1e-05 0.2 75.0621 134.471 0 -4.36587 2.43704 0
P544 1e-05 0.2 -191.042 34.811 0 -0.896323 -4.919 0
P545 1e-05 0.2 151.875 -57.9364 0 1.7821 4.67163 0
P546 1e-05 0.2 127.565 84.5791 0 -2.763 4.16724 0
P547 1e-05 0.2 -49.4068 187.122 0 -4.83433 -1.27643 0
P548 1e-05 0.2 -127.207 -82.7192 0 2.72574 -4.1917 0
P549 1e-05 0.2 153.244 -42.4475 0 1.33471 4.81856 0
P550 1e-05 0.2 143.033 -52.4216 0 1.72059 4.69463 0
P551 1e-05 0.2 -94.8273 -133.13 0 4.07251 -2.90081 0
P552 1e-05 0.2 113.278 145.465 0 -3.94494 3.07204 0
P553 1e-05 0.2 128.855 -90.8534 0 2.88123 4.08638 0
P554 1e-05 0.2 -90.7552 -148.3 0 4.26478 -2.60992 0
P555 1e-05 0.2 41.3004 165.497 0 -4.85122 1.21064 0
P556 1e-05 0.2 -77.4881 133.244 0 -4.32225 -2.5136 0
P557 1e-05 0.2 -102.094 -158.176 0 4.20094 -2.71148 0
P558 1e-05 0.2 -15.429 169.17 0 -4.97933 -0.454135 0
P559 1e-05 0.2 168.784 73.7316 0 -2.00155 4.5819 0
P560 1e-05 0.2 93.8961 -134.289 0 4.09769 2.86513 0
P561 1e-05 0.2 138.568 -89.24 0 2.70724 4.20367 0
P562 1e-05 0.2 125.701 93.0895 0 -2.97567 4.01813 0
P563 1e-05 0.2 -144.388 -52.0221 0 1.69482 -4.704 0
P564 1e-05 0.2 134.585 -66.9257 0 2.2263 4.47701 0
P565 1e-05 0.2 -153.772 -4.84825 0 0.157566 -4.99752 0
P566 1e-05 0.2 -164.526 14.5686 0 -0.441019 -4.98051 0
P567 1e-05 0.2 84.6423 -127.258 0 4.16322 2.76904 0
P568 1e-05 0.2 138.384 108.858 0 -3.09134 3.92983 0
P569 1e-05 0.2 -60.0858 -158.547 0 4.6755 -1.77191 0
P570 1e-05 0.2 138.311 136.216 0 -3.50845 3.56241 0
P571 1e-05 0.2 -64.6142 -179.434 0 4.70429 -1.69402 0
P572 1e-05 0.2 -88.6821 -155.935 0 4.34629 -2.47178 0
P573 1e-05 0.2 169.148 65.0347 0 -1.79436 4.66694 0
P574 1e-05 0.2 108.067 147.108 0 -4.02957 2.96016 0
P575 1e-05 0.2 190.98 -16.1779 0 0.422038 4.98216 0
P576 1e-05 0.2 114.401 -133.788 0 3.80013 3.24946 0
P577 1e-05 0.2 153.648 17.7846 0 -0.574904 4.96684 0
P578 1e-05 0.2 190.426 -47.9297 0 1.22042 4.84877 0
P579 1e-05 0.2 3.94034 159.043 0 -4.99847 0.123839 0
P580 1e-05 0.2 128.714 -111.288 0 3.27022 3.78229 0
P581 1e-05 0.2 177.916 -41.5755 0 1.13775 4.86883 0
P582 1e-05 0.2 155.926 -20.1611 0 0.641157 4.95872 0
P583 1e-05 0.2 147.06 -117.222 0 3.11657 3.90985 0
P584 1e-05 0.2 124.755 91.4123 0 -2.95524 4.03318 0
P585 1e-05 0.2 74.1337 145.075 0 -4.45237 2.27517 0
P586 1e-05 0.2 -156.149 66.7827 0 -1.96615 -4.5972 0
P587 1e-05 0.2 118.851 106.1 0 -3.32978 3.72996 0
P588 1e-05 0.2 157.673 -68.0284 0 1.98076 4.59092 0
P589 1e-05 0.2 179.344 0.727594 0 -0.0202847 4.99996 0
P590 1e-05 0.2 -157.132 11.8522 0 -0.376073 -4.98584 0
P591 1e-05 0.2 42.1697 -193.307 0 4.88511 1.06568 0
P592 1e-05 0.2 100.727 -152.179 0 4.1694 2.75973 0
P593 1e-05 0.2 142.011 137.978 0 -3.48424 3.58609 0
P594 1e-05 0.2 -170.636 -31.7049 0 0.913391 -4.91586 0
P595 1e-05 0.2 90.593 154.42 0 -4.31263 2.53007 0
P596 1e-05 0.2 110.217 129.316 0 -3.80535 3.24335 0
P597 1e-05 0.2 191.864 40.8556 0 -1.04135 4.89036 0
P598 1e-05 0.2 -135.677 -105.955 0 3.07746 -3.94072 0
P599 1e-05 0.2 -170.658 86.7326 0 -2.26535 -4.45738 0
P600 1e-05 0.2 94.0284 -150.671 0 4.24178 2.64714 0
P601 1e-05 0.2 146.96 -88.9389 0 2.58879 4.27764 0
P602 1e-05 0.2 70.5588 -172.107 0 4.62631 1.89664 0
P603 1e-05 0.2 144.823 -125.352 0 3.27225 3.78053 0
P604 1e-05 0.2 -161.43 112.119 0 -2.85224 -4.10667 0
P605 1e-05 0.2 -102.862 -109.37 0 3.64225 -3.42549 0
P606 1e-05 0.2 -158.921 -44.3695 0 1.34454 -4.81583 0
P607 1e-05 0.2 -2.74937 -194.522 0 4.9995 -0.070663 0
P608 1e-05 0.2 -100.12 -170.363 0 4.31071 -2.53334 0
P609 1e-05 0.2 -72.7633 -147.32 0 4.483 -2.21421 0
P610 1e-05 0.2 -47.6621 192.692 0 -4.85373 -1.20056 0
P611 1e-05 0.2 -163.395 -54.8404 0 1.59093 -4.74014 0
P612 1e-05 0.2 20.3669 189.936 0 -4.9715 0.533095 0
P613 1e-05 0.2 14.7013 184.11 0 -4.98414 0.397987 0
P614 1e-05 0.2 -78.5905 -177.931 0 4.57372 -2.02017 0
P615 1e-05 0.2 104.71 152.241 0 -4.11965 2.83346 0
P616 1e-05 0.2 155.128 81.3898 0 -2.323 4.42761 0
P617 1e-05 0.2 -61.3859 154.695 0 -4.64746 -1.8442 0
P618 1e-05 0.2 182.48 58.6411 0 -1.52973 4.76024 0
P619 1e-05 0.2 99.7968 -115.117 0 3.77797 3.2752 0
P620 1e-05 0.2 -158.279 -90.8352 0 2.48874 -4.33661 0
P621 1e-05 0.2 115.374 103.165 0 -3.33282 3.72724 0
P622 1e-05 0.2 -90.433 -159.734 0 4.35108 -2.46335 0
P623 1e-05 0.2 -161.756 18.9506 0 -0.5818 -4.96604 0
P624 1e-05 0.2 -83.1766 -176.611 0 4.52345 -2.13036 0
P625 1e-05 0.2 -12.0073 -152.453 0 4.98456 -0.392588 0
P626 1e-05 0.2 188.9 22.2528 0 -0.584963 4.96566 0
P627 1e-05 0.2 -98.5853 131.466 0 -4.00021 -2.99972 0
P628 1e-05 0.2 -48.239 144.609 0 -4.74306 -1.5822 0
P629 1e-05 0.2 -55.9874 -141.212 0 4.64801 -1.84283 0
P630 1e-05 0.2 -67.615 -165.792 0 4.62978 -1.88816 0
P631 1e-05 0.2 -180.488 21.9041 0 -0.602383 -4.96358 0
P632 1e-05 0.2 -164.483 34.8369 0 -1.036 -4.89149 0
P633 1e-05 0.2 -147.211 -85.1417 0 2.50329 -4.32823 0
P634 1e-05 0.2 -111.464 -144.71 0 3.96115 -3.05112 0
P635 1e-05 0.2 171.78 78.7497 0 -2.08365 4.54515 0
P636 1e-05 0.2 127.809 129.43 0 -3.55775 3.51318 0
P637 1e-05 0.2 -88.1225 -169.132 0 4.43422 -2.31035 0
P638 1e-05 0.2 -125.43 -88.3861 0 2.88009 -4.08719 0
P639 1e-05 0.2 -149.651 -131.386 0 3.29879 -3.75739 0
P640 1e-05 0.2 -143.33 -89.5684 0 2.64972 -4.24016 0
P641 1e-05 0.2 4.16522 -198.9 0 4.9989 0.104683 0
P642 1e-05 0.2 147.831 130.204 0 -3.30475 3.75215 0
P643 1e-05 0.2 -45.6209 187.26 0 -4.85791 -1.1835 0
P644 1e-05 0.2 167.991 -25.548 0 0.751753 4.94316 0
P645 1e-05 0.2 185.562 1.60493 0 -0.0432435 4.99981 0
P646 1e-05 0.2 158.717 8.3756 0 -0.263486 4.99305 0
P647 1e-05 0.2 -81.5196 126.306 0 -4.201 -2.71138 0
P648 1e-05 0.2 -169.715 84.5321 0 -2.2292 -4.47556 0
P649 1e-05 0.2 -12.1315 174.222 0 -4.98792 -0.347319 0
P650 1e-05 0.2 175.152 57.8358 0 -1.56775 4.74786 0
P651 1e-05 0.2 135.714 139.297 0 -3.5813 3.48917 0
P652 1e-05 0.2 89.7432 143.269 0 -4.23733 2.65424 0
P653 1e-05 0.2 -59.3182 173.74 0 -4.73181 -1.61553 0
P654 1e-05 0.2 46.7907 -182.725 0 4.84371 1.24034 0
P655 1e-05 0.2 166.092 35.3258 0 -1.04018 4.89061 0
P656 1e-05 0.2 -95.0718 -173.423 0 4.38439 -2.40356 0
P657 1e-05 0.2 -124.638 -143.688 0 3.77704 -3.27627 0
P658 1e-05 0.2 186.878 27.3805 0 -0.724837 4.94718 0
P659 1e-05 0.2 31.1377 -185.925 0 4.93132 0.825871 0
P660 1e-05 0.2 79.2346 -145.039 0 4.38792 2.39711 0
P661 1e-05 0.2 -184.526 -32.0035 0 0.854428 -4.92645 0
P662 1e-05 0.2 -55.9798 152 0 -4.69192 -1.72798 0
P663 1e-05 0.2 170.305 95.4945 0 -2.44543 4.36118 0
P664 1e-05 0.2 37.3626 166.63 0 -4.87886 1.09396 0
P665 1e-05 0.2 -32.3567 -184.987 0 4.92522 -0.861488 0
P666 1e-05 0.2 186.34 65.23 0 -1.652 4.71921 0
P667 1e-05 0.2 -153.457 -61.5304 0 1.8608 -4.64084 0
P668 1e-05 0.2 13.0057 -193.284 0 4.98872 0.335681 0
P669 1e-05 0.2 36.7117 -190.178 0 4.90937 0.947695 0
P670 1e-05 0.2 95.9833 -160.88 0 4.29387 2.56178 0
P671 1e-05 0.2 -142.76 120.406 0 -3.22361 -3.82209 0
P672 1e-05 0.2 141.204 -128.933 0 3.37145 3.69233 0
P673 1e-05 0.2 -143.54 -84.6385 0 2.53963 -4.307 0
P674 1e-05 0.2 37.0315 -148.75 0 4.85191 1.20789 0
P675 1e-05 0.2 118.234 -96.4989 0 3.16152 3.8736 0
P676 1e-05 0.2 -127.194 -95.867 0 3.00947 -3.99288 0
P677 1e-05 0.2 74.9685 132.048 0 -4.34811 2.46858 0
P678 1e-05 0.2 24.5607 149.016 0 -4.93344 0.813125 0
P679 1e-05 0.2 -175.054 25.5943 0 -0.72335 -4.9474 0
P680 1e-05 0.2 -123.529 -143.101 0 3.78488 -3.26722 0
P681 1e-05 0.2 -91.4267 137.614 0 -4.16466 -2.76687 0
P682 1e-05 0.2 164.371 -49.4804 0 1.44126 4.78777 0
P683 1e-05 0.2 154.853 125.135 0 -3.14262 3.88895 0
P684 1e-05 0.2 183.478 -43.5693 0 1.15519 4.86472 0
P685 1e-05 0.2 -187.341 33.5986 0 -0.88264 -4.92148 0
P686 1e-05 0.2 -169.819 35.2283 0 -1.01561 -4.89577 0
P687 1e-05 0.2 -129.332 -95.5063 0 2.9702 -4.02218 0
P688 1e-05 0.2 1.67339 -158.918 0 4.99972 0.0526465 0
P689 1e-05 0.2 -149.243 26.3432 0 -0.869123 -4.92388 0
P690 1e-05 0.2 118.837 106.076 0 -3.32957 3.73014 0
P691 1e-05 0.2 109.107 128.023 0 -3.80547 3.24321 0
P692 1e-05 0.2 149.692 121.788 0 -3.15552 3.87849 0
P693 1e-05 0.2 2.42246 -197.203 0 4.99962 0.0614159 0
P694 1e-05 0.2 -84.823 179.014 0 -4.51843 -2.14099 0
P695 1e-05 0.2 -160.71 3.56715 0 -0.110954 -4.99877 0
P696 1e-05 0.2 -161.119 -46.7636 0 1.39369 -4.80183 0
P697 1e-05 0.2 -0.681113 -160.614 0 4.99996 -0.0212032 0
P698 1e-05 0.2 -12.1732 171.032 0 -4.98738 -0.354978 0
P699 1e-05 0.2 -98.9442 114.635 0 -3.78508 -3.26698 0
P700 1e-05 0.2 -161.648 -21.8303 0 0.669168 -4.95502 0
P701 1e-05 0.2 -106.129 107.878 0 -3.56432 -3.50651 0
P702 1e-05 0.2 -96.1019 -145.158 0 4.16911 -2.76017 0
P703 1e-05 0.2 -194.013 -15.6297 0 0.401501 -4.98385 0
P704 1e-05 0.2 -19.6582 -173.422 0 4.96818 -0.563166 0
P705 1e-05 0.2 14.1904 183.36 0 -4.98509 0.3858 0
P706 1e-05 0.2 43.2888 165.496 0 -4.83726 1.26528 0
P707 1e-05 0.2 -180.453 -48.4552 0 1.29666 -4.82894 0
P708 1e-05 0.2 -153.028 9.55433 0 -0.311568 -4.99028 0
P709 1e-05 0.2 -109.137 108.264 0 -3.5213 -3.54971 0
P710 1e-05 0.2 107.309 -107.571 0 3.53984 3.53122 0
P711 1e-05 0.2 -120.616 -144.929 0 3.84317 -3.19844 0
P712 1e-05 0.2 104.941 -142.455 0 4.02563 2.96552 0
P713 1e-05 0.2 -122.882 -91.1431 0 2.97866 -4.01591 0
P714 1e-05 0.2 -56.9224 -161.484 0 4.71561 -1.66224 0
P715 1e-05 0.2 -90.3201 -134.181 0 4.14786 -2.79201 0
P716 1e-05 0.2 17.6403 -159.064 0 4.96953 0.551122 0
P717 1e-05 0.2 45.4916 -189.461 0 4.86181 1.16737 0
P718 1e-05 0.2 -76.8739 135.036 0 -4.34522 -2.47367 0
P719 1e-05 0.2 -81.4393 143.585 0 -4.34914 -2.46677 0
P720 1e-05 0.2 163.292 -32.5499 0 0.977449 4.90353 0
P721 1e-05 0.2 -10.5003 177.825 0 -4.99131 -0.294729 0
P722 1e-05 0.2 -25.3164 159.451 0 -4.93814 -0.784044 0
P723 1e-05 0.2 149.329 22.6436 0 -0.74961 4.94349 0
P724 1e-05 0.2 -63.5061 -161.763 0 4.65419 -1.82717 0
P725 1e-05 0.2 58.0386 -165.614 0 4.71864 1.65362 0
P726 1e-05 0.2 -119.145 133.622 0 -3.73191 -3.32758 0
P727 1e-05 0.2 131.405 147.448 0 -3.73277 3.32663 0
P728 1e-05 0.2 -150.564 12.3417 0 -0.408479 -4.98329 0
P729 1e-05 0.2 135.344 -144.012 0 3.64349 3.42418 0
P730 1e-05 0.2 -156.252 -39.1572 0 1.21543 -4.85002 0
P731 1e-05 0.2 50.9396 145.622 0 -4.71958 1.65094 0
P732 1e-05 0.2 -173.668 -11.1615 0 0.320682 -4.98971 0
P733 1e-05 0.2 148.664 118.693 0 -3.11965 3.9074 0
P734 1e-05 0.2 -72.2905 165.652 0 -4.58264 -1.99986 0
P735 1e-05 0.2 -73.3555 182.513 0 -4.63931 -1.86462 0
P736 1e-05 0.2 -133.256 79.3005 0 -2.55698 -4.29672 0
P737 1e-05 0.2 -2.8119 -169.347 0 4.99931 -0.0830106 0
P738 1e-05 0.2 -6.03874 -155.18 0 4.99622 -0.194424 0
P739 1e-05 0.2 40.2461 169.225 0 -4.86433 1.15686 0
P740 1e-05 0.2 129.945 -97.0455 0 2.99184 4.00611 0
P741 1e-05 0.2 -66.2638 -142.947 0 4.53631 -2.10283 0
P742 1e-05 0.2 172.695 -75.5135 0 2.0032 4.58118 0
P743 1e-05 0.2 12.6245 -160.923 0 4.98468 0.391053 0
P744 1e-05 0.2 -199.592 12.7508 0 -0.318773 -4.98983 0
P745 1e-05 0.2 137.242 62.8973 0 -2.08313 4.54539 0
P746 1e-05 0.2 -179.632 30.9441 0 -0.84882 -4.92742 0
P747 1e-05 0.2 -174.906 -11.6482 0 0.332248 -4.98895 0
P748 1e-05 0.2 -177.934 -88.0113 0 2.21679 -4.48172 0
P749 1e-05 0.2 -113.992 -145.668 0 3.93765 -3.08139 0
P750 1e-05 0.2 -63.7843 -152.042 0 4.61071 -1.93427 0
P751 1e-05 0.2 109.313 166.813 0 -4.18205 2.74052 0
P752 1e-05 0.2 -90.0549 -171.072 0 4.42441 -2.32908 0
P753 1e-05 0.2 167.981 13.4416 0 -0.39882 4.98407 0
P754 1e-05 0.2 -145.295 -86.2409 0 2.55208 -4.29964 0
P755 1e-05 0.2 164.705 78.5459 0 -2.15223 4.51308 0
P756 1e-05 0.2 -181.241 -58.747 0 1.54172 -4.75637 0
P757 1e-05 0.2 -92.3753 -128.182 0 4.05641 -2.92328 0
P758 1e-05 0.2 -177.075 31.9027 0 -0.886552 -4.92077 0
P759 1e-05 0.2 137.055 -142.044 0 3.59815 3.47179 0
P760 1e-05 0.2 169.428 62.5502 0 -1.73168 4.69055 0
P761 1e-05 0.2 72.0803 -142.67 0 4.46277 2.2547 0
P762 1e-05 0.2 76.4179 172.651 0 -4.57216 2.0237 0
P763 1e-05 0.2 174.337 35.043 0 -0.985332 4.90195 0
P764 1e-05 0.2 -45.4745 -168.022 0 4.82636 -1.30624 0
P765 1e-05 0.2 -158.308 -69.0676 0 1.99942 -4.58283 0
P766 1e-05 0.2 -25.6389 -165.361 0 4.94096 -0.766088 0
P767 1e-05 0.2 134.371 -73.0588 0 2.38836 4.39269 0
P768 1e-05 0.2 49.0599 -146.034 0 4.73969 1.59229 0
P769 1e-05 0.2 46.6913 -159.881 0 4.79952 1.40164 0
P770 1e-05 0.2 -133.517 69.3385 0 -2.3044 -4.43731 0
P771 1e-05 0.2 -34.1492 -146.736 0 4.86986 -1.13334 0
P772 1e-05 0.2 -112.061 101.842 0 -3.36279 -3.70022 0
P773 1e-05 0.2 114.68 -133.891 0 3.79745 3.25259 0
P774 1e-05 0.2 -84.3279 -132.512 0 4.21828 -2.68442 0
P775 1e-05 0.2 -75.0924 -135.682 0 4.3747 -2.42115 0
P776 1e-05 0.2 77.7103 134.787 0 -4.33164 2.49737 0
P777 1e-05 0.2 138.937 78.8811 0 -2.46862 4.34809 0
P778 1e-05 0.2 -64.9883 -184.628 0 4.71635 -1.66013 0
P779 1e-05 0.2 -137.818 -66.1125 0 2.16258 -4.50813 0
P780 1e-05 0.2 43.6345 -175.586 0 4.85241 1.20586 0
P781 1e-05 0.2 162.402 -78.1808 0 2.1688 4.50514 0
P782 1e-05 0.2 167.231 -95.7442 0 2.48429 4.33916 0
P783 1e-05 0.2 117.008 128.886 0 -3.70201 3.36082 0
P784 1e-05 0.2 -53.8066 149.28 0 -4.70378 -1.69543 0
P785 1e-05 0.2 -44.343 -166.546 0 4.83168 -1.28644 0
P786 1e-05 0.2 17.92 -195.735 0 4.97918 0.455854 0
P787 1e-05 0.2 135.198 81.3352 0 -2.57752 4.28444 0
P788 1e-05 0.2 -76.0204 148.905 0 -4.45322 -2.2735 0
P789 1e-05 0.2 -103.609 142.151 0 -4.04062 -2.94507 0
P790 1e-05 0.2 162.643 1.86026 0 -0.0571848 4.99967 0
P791 1e-05 0.2 150.423 -71.8804 0 2.15579 4.51138 0
P792 1e-05 0.2 128.119 145.882 0 -3.75685 3.2994 0
P793 1e-05 0.2 42.0115 -162.294 0 4.84045 1.253 0
P794 1e-05 0.2 169.47 -101.388 0 2.56701 4.29074 0
P795 1e-05 0.2 -139.765 127.975 0 -3.37658 -3.68764 0
P796 1e-05 0.2 181.891 -82.1962 0 2.05901 4.55636 0
P797 1e-05 0.2 148.158 -58.1111 0 1.82571 4.65476 0
P798 1e-05 0.2 71.0048 -168.734 0 4.60858 1.93933 0
P799 1e-05 0.2 -85.6865 133.618 0 -4.20891 -2.69909 0
P800 1e-05 0.2 190.234 -19.3097 0 0.504931 4.97444 0
P801 1e-05 0.2 -151.478 91.8888 0 -2.59324 -4.27494 0
P802 1e-05 0.2 0.495816 179.929 0 -4.99998 0.0137781 0
P803 1e-05 0.2 -156.311 27.5747 0 -0.868633 -4.92397 0
P804 1e-05 0.2 -57.5258 171.726 0 -4.74106 -1.58819 0
P805 1e-05 0.2 19.7495 -158.168 0 4.96147 0.619512 0
P806 1e-05 0.2 -164.918 40.486 0 -1.19207 -4.85582 0
P807 1e-05 0.2 122.142 -115.836 0 3.44063 3.62796 0
P808 1e-05 0.2 21.9293 -184.038 0 4.96488 0.591596 0
P809 1e-05 0.2 -170.87 -92.0828 0 2.37201 -4.40154 0
P810 1e-05 0.2 154.267 26.0909 0 -0.833798 4.92999 0
P811 1e-05 0.2 -104.781 -169.85 0 4.25541 -2.62517 0
P812 1e-05 0.2 -153.876 -7.4229 0 0.240917 -4.99419 0
P813 1e-05 0.2 145.397 105.018 0 -2.92762 4.05327 0
P814 1e-05 0.2 149.29 -116.311 0 3.07294 3.94425 0
P815 1e-05 0.2 146.327 97.2922 0 -2.76839 4.16365 0
P816 1e-05 0.2 90.5634 167.434 0 -4.39789 2.37877 0
P817 1e-05 0.2 100.269 -129.537 0 3.95387 3.06054 0
P818 1e-05 0.2 -22.4786 188.15 0 -4.96469 -0.593141 0
P819 1e-05 0.2 -138.78 -82.4863 0 2.55466 -4.29811 0
P820 1e-05 0.2 -41.2686 -194.526 0 4.89114 -1.03765 0
P821 1e-05 0.2 14.6927 176.874 0 -4.98284 0.413919 0
P822 1e-05 0.2 -78.6698 -132.995 0 4.30348 -2.5456 0
P823 1e-05 0.2 -147.112 107.582 0 -2.95146 -4.03595 0
P824 1e-05 0.2 -73.174 138.624 0 -4.42177 -2.33408 0
P825 1e-05 0.2 -62.4195 -144.411 0 4.58962 -1.98379 0
P826 1e-05 0.2 -176.563 86.2073 0 -2.19375 -4.49305 0
P827 1e-05 0.2 -172.375 -100.952 0 2.52681 -4.31454 0
P828 1e-05 0.2 -155.747 36.0075 0 -1.12625 -4.8715 0
P829 1e-05 0.2 102.832 155.432 0 -4.17 2.75881 0
P830 1e-05 0.2 181.58 61.985 0 -1.6153 4.73189 0
P831 1e-05 0.2 155.795 -112.22 0 2.92234 4.05709 0
P832 1e-05 0.2 163.97 -97.5749 0 2.55691 4.29677 0
P833 1e-05 0.2 79.8173 131.819 0 -4.27704 2.58977 0
P834 1e-05 0.2 -194.177 20.204 0 -0.517451 -4.97315 0
P835 1e-05 0.2 -182.884 66.681 0 -1.71274 -4.6975 0
P836 1e-05 0.2 157.289 -61.1545 0 1.81189 4.66016 0
P837 1e-05 0.2 116.678 -153.543 0 3.981 3.02517 0
P838 1e-05 0.2 -145.741 42.5546 0 -1.40142 -4.79959 0
P839 1e-05 0.2 -156.663 82.2686 0 -2.32462 -4.42675 0
P840 1e-05 0.2 -192.972 -27.0138 0 0.693183 -4.95172 0
P841 1e-05 0.2 -140.153 -84.5946 0 2.58376 -4.28068 0
P842 1e-05 0.2 -192.995 3.85158 0 -0.0997647 -4.999 0
P843 1e-05 0.2 -123.242 94.1009 0 -3.03435 -3.97401 0
P844 1e-05 0.2 -71.145 -147.712 0 4.50472 -2.16968 0
P845 1e-05 0.2 19.3899 -168.336 0 4.96716 0.572146 0
P846 1e-05 0.2 64.3661 -138.548 0 4.53454 2.10664 0
P847 1e-05 0.2 -146.103 -125.552 0 3.25874 -3.79218 0
P848 1e-05 0.2 -71.2174 179.981 0 -4.64926 -1.83968 0
P849 1e-05 0.2 -78.7923 -152.271 0 4.44071 -2.29784 0
P850 1e-05 0.2 181.171 -60.571 0 1.58539 4.742 0
P851 1e-05 0.2 149.828 -35.8952 0 1.16491 4.8624 0
P852 1e-05 0.2 149.796 -86.6723 0 2.50406 4.32778 0
P853 1e-05 0.2 -158.388 102.885 0 -2.72369 -4.19303 0
P854 1e-05 0.2 22.8809 170.401 0 -4.95552 0.665413 0
P855 1e-05 0.2 176.492 -61.263 0 1.6396 4.72353 0
P856 1e-05 0.2 146.231 -37.3447 0 1.2372 4.84452 0
P857 1e-05 0.2 198.46 10.5574 0 -0.265606 4.99294 0
P858 1e-05 0.2 71.8166 147.849 0 -4.49749 2.18462 0
P859 1e-05 0.2 -170.546 6.2338 0 -0.182638 -4.99666 0
P860 1e-05 0.2 -107.345 -110.257 0 3.58252 -3.48791 0
P861 1e-05 0.2 96.1182 173.896 0 -4.37602 2.41877 0
P862 1e-05 0.2 -181.659 -32.433 0 0.878794 -4.92217 0
P863 1e-05 0.2 91.552 157.657 0 -4.32383 2.51087 0
P864 1e-05 0.2 167.075 84.9966 0 -2.26715 4.45646 0
P865 1e-05 0.2 -140.483 -121.02 0 3.26337 -3.7882 0
P866 1e-05 0.2 -135.01 -95.8255 0 2.89397 -4.07737 0
P867 1e-05 0.2 5.06803 -163.461 0 4.9976 0.154948 0
P868 1e-05 0.2 -164.328 -30.1879 0 0.903409 -4.91771 0
P869 1e-05 0.2 142.737 -117.275 0 3.17414 3.86326 0
P870 1e-05 0.2 -116.441 -98.9667 0 3.23809 -3.80983 0
P871 1e-05 0.2 169.905 -42.5643 0 1.21505 4.85012 0
P872 1e-05 0.2 -163.415 83.7343 0 -2.28012 -4.44984 0
P873 1e-05 0.2 -148.513 113.589 0 -3.03758 -3.97153 0
P874 1e-05 0.2 -146.061 59.4319 0 -1.88447 -4.63128 0
P875 1e-05 0.2 -55.7329 157.794 0 -4.71457 -1.66519 0
P876 1e-05 0.2 155.09 10.0142 0 -0.322179 4.98961 0
P877 1e-05 0.2 -192.135 50.5498 0 -1.27219 -4.83545 0
P878 1e-05 0.2 99.6915 155.453 0 -4.20888 2.69913 0
P879 1e-05 0.2 -63.9341 -185.912 0 4.72822 -1.62601 0
P880 1e-05 0.2 -94.2753 168.571 0 -4.3639 -2.44056 0
P881 1e-05 0.2 -89.8895 -166.634 0 4.40055 -2.37385 0
P882 1e-05 0.2 -26.42 -167.245 0 4.93876 -0.780187 0
P883 1e-05 0.2 45.0348 -153.351 0 4.79741 1.40886 0
P884 1e-05 0.2 -11.9408 -169.785 0 4.98768 -0.350778 0
P885 1e-05 0.2 -163.089 -33.6398 0 1.01007 -4.89691 0
P886 1e-05 0.2 -155.544 19.1287 0 -0.610299 -4.96261 0
P887 1e-05 0.2 58.5205 188.537 0 -4.77526 1.4822 0
P888 1e-05 0.2 56.8505 -149.103 0 4.67192 1.78133 0
P889 1e-05 0.2 -87.2887 -159.545 0 4.38642 -2.39986 0
P890 1e-05 0.2 170.043 -72.4951 0 1.9609 4.59944 0
P891 1e-05 0.2 39.0443 -178.477 0 4.88449 1.06855 0
P892 1e-05 0.2 0.710129 -179.253 0 4.99996 0.0198079 0
P893 1e-05 0.2 53.9707 -164.781 0 4.75162 1.5563 0
P894 1e-05 0.2 15.1763 190.643 0 -4.98423 0.396775 0
P895 1e-05 0.2 107.64 164.695 0 -4.18537 2.73545 0
P896 1e-05 0.2 166.571 -91.585 0 2.40901 4.3814 0
P897 1e-05 0.2 109.432 -137.361 0 3.91067 3.11555 0
P898 1e-05 0.2 132.405 89.8881 0 -2.80839 4.13678 0
P899 1e-05 0.2 94.9218 125.972 0 -3.99325 3.00898 0
P900 1e-05 0.2 -115.042 150.972 0 -3.97696 -3.03048 0
P901 1e-05 0.2 -3.50997 -169.7 0 4.99893 -0.103395 0
P902 1e-05 0.2 -162.174 114.714 0 -2.88741 -4.08202 0
P903 1e-05 0.2 168.349 -53.8867 0 1.52426 4.762 0
P904 1e-05 0.2 -159.897 -34.3984 0 1.05158 -4.88817 0
P905 1e-05 0.2 41.2071 -165.733 0 4.85227 1.20644 0
P906 1e-05 0.2 -148.641 -83.9664 0 2.45922 -4.35342 0
P907 1e-05 0.2 6.28142 182.479 0 -4.99704 0.172012 0
P908 1e-05 0.2 154.993 -7.93995 0 0.255804 4.99345 0
P909 1e-05 0.2 -29.2231 -160.836 0 4.91946 -0.893844 0
P910 1e-05 0.2 50.9369 -151.577 0 4.73955 1.59271 0
P911 1e-05 0.2 -96.1303 -166.116 0 4.32761 -2.50436 0
P912 1e-05 0.2 -123.477 -155.649 0 3.9171 -3.10746 0
P913 1e-05 0.2 -164.79 65.9671 0 -1.85819 -4.64189 0
P914 1e-05 0.2 62.4066 -159.721 0 4.65713 1.81964 0
P915 1e-05 0.2 79.153 -150.419 0 4.42477 2.32839 0
P916 1e-05 0.2 54.3612 -179.358 0 4.78505 1.45028 0
P917 1e-05 0.2 -74.2414 -165.632 0 4.56262 -2.04511 0
P918 1e-05 0.2 11.6543 152.383 0 -4.98544 0.381289 0
P919 1e-05 0.2 -144.515 43.4389 0 -1.43931 -4.78836 0
P920 1e-05 0.2 -154.093 78.3351 0 -2.26584 -4.45713 0
P921 1e-05 0.2 -79.9933 152.236 0 -4.42616 -2.32575 0
P922 1e-05 0.2 -36.0158 164.019 0 -4.88365 -1.07237 0
P923 1e-05 0.2 -169.512 13.2127 0 -0.388548 -4.98488 0
P924 1e-05 0.2 -187.907 53.9687 0 -1.38025 -4.80572 0
P925 1e-05 0.2 -5.35675 -177.611 0 4.99773 -0.150732 0
P926 1e-05 0.2 -182.945 -4.61024 0 0.125961 -4.99841 0
P927 1e-05 0.2 192.818 47.7006 0 -1.20074 4.85368 0
P928 1e-05 0.2 100.53 168.58 0 -4.29439 2.5609 0
P929 1e-05 0.2 46.8331 -177.58 0 4.83469 1.27505 0
P930 1e-05 0.2 -2.8003 -193.361 0 4.99948 -0.0724036 0
P931 1e-05 0.2 -5.07828 155.16 0 -4.99732 -0.163559 0
P932 1e-05 0.2 -158.791 88.0169 0 -2.424 -4.37312 0
P933 1e-05 0.2 -122.923 154.353 0 -3.91124 -3.11483 0
P934 1e-05 0.2 -18.4998 154.761 0 -4.96466 -0.593465 0
P935 1e-05 0.2 -121.705 -128.314 0 3.62773 -3.44087 0
P936 1e-05 0.2 153.501 117.239 0 -3.03489 3.97359 0
P937 1e-05 0.2 -148.697 110.312 0 -2.97904 -4.01564 0
P938 1e-05 0.2 177.797 6.52447 0 -0.183358 4.99664 0
P939 1e-05 0.2 -157.048 -30.6623 0 0.958115 -4.90734 0
P940 1e-05 0.2 -132.527 -127.545 0 3.46717 -3.6026 0
P941 1e-05 0.2 128.898 132.837 0 -3.58834 3.48193 0
P942 1e-05 0.2 -157.138 36.6137 0 -1.13462 -4.86956 0
P943 1e-05 0.2 -102.282 -129.403 0 3.92262 -3.1005 0
P944 1e-05 0.2 -35.1202 176.797 0 -4.90417 -0.974201 0
P945 1e-05 0.2 165.409 -59.9767 0 1.7044 4.70053 0
P946 1e-05 0.2 -27.0875 -160.6 0 4.93036 -0.831576 0
P947 1e-05 0.2 148.73 -117.898 0 3.10599 3.91827 0
P948 1e-05 0.2 116.607 -120.833 0 3.59789 3.47205 0
P949 1e-05 0.2 -124.11 -94.0605 0 3.02006 -3.98488 0
P950 1e-05 0.2 -135.468 -94.7267 0 2.86527 -4.09759 0
P951 1e-05 0.2 -142.796 104.351 0 -2.95009 -4.03695 0
P952 1e-05 0.2 139.798 -57.2872 0 1.89591 4.62661 0
P953 1e-05 0.2 104.379 108.936 0 -3.61023 3.45922 0
P954 1e-05 0.2 -55.8945 177.037 0 -4.768 -1.50537 0
P955 1e-05 0.2 -177.308 35.1245 0 -0.971614 -4.90469 0
P956 1e-05 0.2 173.115 -88.3256 0 2.27239 4.45379 0
P957 1e-05 0.2 -146.229 -123.814 0 3.23095 -3.81588 0
P958 1e-05 0.2 -19.9111 -170.83 0 4.96638 -0.578859 0
P959 1e-05 0.2 127.461 -90.4412 0 2.89342 4.07776 0
P960 1e-05 0.2 -63.4563 173.203 0 -4.69483 -1.72005 0
P961 1e-05 0.2 156.541 -65.9628 0 1.94155 4.60764 0
P962 1e-05 0.2 -23.1784 -185.735 0 4.96152 -0.619161 0
P963 1e-05 0.2 174.678 -10.4088 0 0.297415 4.99115 0
P964 1e-05 0.2 -48.3702 -143.545 0 4.73822 -1.59663 0
P965 1e-05 0.2 -74.3582 135.3 0 -4.38186 -2.40818 0
P966 1e-05 0.2 4.73745 154.966 0 -4.99767 0.152783 0
P967 1e-05 0.2 161.847 -52.1922 0 1.53458 4.75868 0
P968 1e-05 0.2 79.0679 130.152 0 -4.27325 2.59602 0
P969 1e-05 0.2 31.304 154.83 0 -4.90084 0.990862 0
P970 1e-05 0.2 -112.944 144.872 0 -3.94325 -3.07421 0
P971 1e-05 0.2 20.8915 -196.648 0 4.97202 0.528217 0
P972 1e-05 0.2 5.61714 184.247 0 -4.99768 0.152364 0
P973 1e-05 0.2 -83.7837 144.153 0 -4.32288 -2.51252 0
P974 1e-05 0.2 134.752 -104.225 0 3.05904 3.95503 0
P975 1e-05 0.2 -22.832 -164.779 0 4.95268 -0.686251 0
P976 1e-05 0.2 160.053 25.4028 0 -0.783763 4.93819 0
P977 1e-05 0.2 99.6795 120.42 0 -3.85163 3.18825 0
P978 1e-05 0.2 -76.295 -160.246 0 4.51444 -2.14938 0
P979 1e-05 0.2 138.184 -88.248 0 2.69117 4.21398 0
P980 1e-05 0.2 4.98335 -171.121 0 4.99788 0.145547 0
P981 1e-05 0.2 -121.737 148.601 0 -3.86782 -3.1686 0
P982 1e-05 0.2 158.471 9.44757 0 -0.297556 4.99114 0
P983 1e-05 0.2 123.167 -128.126 0 3.6046 3.46509 0
P984 1e-05 0.2 152.911 37.0601 0 -1.17772 4.85932 0
P985 1e-05 0.2 -95.5196 -168.278 0 4.34832 -2.46823 0
P986 1e-05 0.2 93.5471 130.565 0 -4.06445 2.91209 0
P987 1e-05 0.2 -74.1254 -171.501 0 4.58965 -1.98371 0
P988 1e-05 0.2 -188.389 9.63706 0 -0.255442 -4.99347 0
P989 1e-05 0.2 187.391 35.2983 0 -0.92556 4.91359 0
P990 1e-05 0.2 150.608 -29.7521 0 0.969006 4.9052 0
P991 1e-05 0.2 -98.9444 -171.771 0 4.33261 -2.49569 0
P992 1e-05 0.2 112.323 -100.616 0 3.33613 3.72428 0
P993 1e-05 0.2 -105.659 134.239 0 -3.92896 -3.09245 0
P994 1e-05 0.2 99.945 152.827 0 -4.1846 2.73663 0
P995 1e-05 0.2 140.158 82.7452 0 -2.54192 4.30565 0
P996 1e-05 0.2 -38.9772 -180.222 0 4.88701 -1.05693 0
P997 1e-05 0.2 -163.751 -107.287 0 2.74017 -4.18228 0
P998 1e-05 0.2 -152.658 54.6477 0 -1.68516 -4.70747 0
P999 1e-05 0.2 19.48 149.029 0 -4.95783 0.64805 0
P1000 1e-05 0.2 -73.9004 -176.331 0 4.61139 -1.93263 0
