Solar_System
1.25e+13 1.25e+13 1.25e+13
315360000
1800
86400
9
Sun 1.989e+30 6.957e+8 0 0 0 0 0 0
Mercury 3.285e+23 2.4397e+6 5.791e+10 0 0 0 4.736e+4 0
Venus 4.867e+24 6.0518e+6 1.082e+11 0 0 0 3.502e+4 0
Earth 5.972e+24 6.371e+6 1.496e+11 0 0 0 2.978e+4 0
Mars 6.39e+23 3.3895e+6 2.279e+11 0 0 0 2.4077e+4 0
Jupiter 1.898e+27 6.9911e+7 7.785e+11 0 0 0 1.30734e+4 0
Saturn 5.6834e+26 5.8232e+7 1.429e+12 0 0 0 9.69e+3 0
Uranus 8.6813e+25 2.5362e+7 2.871e+12 0 0 0 6.81e+3 0
Neptune 1.02413e+26 2.4622e+7 4.4982529e+12 0 0 0 5.43e+3 0
